2.820498046875000000e+03
2.037059545516967773e+00
2.001888751983642578e+00
2.001385211944580078e+00
2.002999067306518555e+00
2.003743886947631836e+00
2.007472753524780273e+00
2.514930009841918945e+00
2.005098581314086914e+00
2.003250837326049805e+00
2.001836299896240234e+00
2.002047300338745117e+00
1.998844623565673828e+00
2.000383615493774414e+00
1.998303174972534180e+00
2.005139112472534180e+00
1.998234987258911133e+00
2.057126522064208984e+00
2.058192014694213867e+00
2.003712654113769531e+00
1.995623588562011719e+00
2.001153945922851562e+00
1.994502902030944824e+00
2.002265453338623047e+00
2.003198862075805664e+00
2.004806280136108398e+00
1.998460650444030762e+00
1.999830722808837891e+00
2.004160404205322266e+00
2.001584291458129883e+00
2.000918388366699219e+00
1.999738454818725586e+00
2.003908395767211914e+00
2.001128196716308594e+00
2.008703947067260742e+00
2.011340141296386719e+00
1.999550580978393555e+00
2.000678062438964844e+00
2.003093719482421875e+00
1.997243404388427734e+00
1.996699571609497070e+00
2.006615400314331055e+00
2.024991989135742188e+00
2.005916595458984375e+00
1.995183825492858887e+00
2.002257108688354492e+00
2.002898693084716797e+00
2.003424167633056641e+00
2.001416444778442383e+00
2.006315708160400391e+00
2.016705036163330078e+00
2.002212524414062500e+00
2.027384519577026367e+00
2.000454425811767578e+00
2.008292913436889648e+00
1.997868061065673828e+00
2.001382112503051758e+00
2.002544641494750977e+00
2.006916761398315430e+00
2.004560947418212891e+00
1.998837947845458984e+00
2.020377874374389648e+00
2.003382921218872070e+00
2.004595994949340820e+00
2.012939214706420898e+00
2.023231267929077148e+00
2.012735843658447266e+00
1.987873911857604980e+00
2.008931159973144531e+00
2.019433021545410156e+00
2.003879070281982422e+00
1.998296499252319336e+00
2.003757953643798828e+00
2.000625133514404297e+00
2.003126859664916992e+00
2.005865573883056641e+00
2.003685235977172852e+00
2.007422685623168945e+00
2.018511533737182617e+00
2.037575244903564453e+00
2.023075103759765625e+00
2.039654970169067383e+00
1.998523831367492676e+00
1.996306538581848145e+00
2.018215417861938477e+00
2.033291816711425781e+00
2.004317760467529297e+00
1.996386766433715820e+00
2.006529092788696289e+00
2.020919322967529297e+00
1.998707175254821777e+00
2.006954908370971680e+00
2.000293254852294922e+00
2.063387155532836914e+00
1.994027733802795410e+00
2.004205465316772461e+00
1.997327566146850586e+00
2.000317811965942383e+00
1.999969959259033203e+00
2.016496658325195312e+00
2.001392364501953125e+00
2.019028186798095703e+00
2.079377889633178711e+00
2.014271974563598633e+00
2.000813961029052734e+00
2.029948472976684570e+00
2.013609170913696289e+00
2.006093025207519531e+00
2.025664567947387695e+00
2.001127958297729492e+00
2.031259059906005859e+00
1.984612464904785156e+00
2.035470962524414062e+00
1.999866485595703125e+00
2.000583887100219727e+00
1.986559033393859863e+00
1.983714818954467773e+00
1.991499066352844238e+00
2.018124818801879883e+00
2.002528429031372070e+00
2.011317253112792969e+00
1.996381044387817383e+00
1.987351298332214355e+00
2.001443624496459961e+00
2.000586986541748047e+00
2.002025127410888672e+00
2.012612581253051758e+00
2.042819738388061523e+00
2.003288269042968750e+00
2.006809234619140625e+00
2.006139993667602539e+00
2.003695726394653320e+00
2.016063928604125977e+00
2.032515287399291992e+00
2.006669521331787109e+00
2.000940084457397461e+00
2.008666515350341797e+00
2.002314090728759766e+00
2.046973466873168945e+00
2.000252008438110352e+00
1.994233369827270508e+00
2.086922645568847656e+00
2.007399559020996094e+00
2.000157833099365234e+00
2.001238346099853516e+00
2.039296627044677734e+00
2.003434419631958008e+00
1.999698162078857422e+00
1.996624350547790527e+00
2.017393827438354492e+00
2.004453897476196289e+00
1.988342523574829102e+00
2.000544548034667969e+00
2.003661394119262695e+00
2.001033306121826172e+00
2.011935710906982422e+00
2.001303672790527344e+00
1.999403357505798340e+00
2.001632213592529297e+00
2.117986440658569336e+00
1.987959146499633789e+00
1.999462366104125977e+00
1.996433854103088379e+00
2.002011060714721680e+00
1.999986171722412109e+00
1.999580621719360352e+00
1.999806761741638184e+00
2.004100561141967773e+00
2.012913942337036133e+00
1.998638391494750977e+00
2.003282785415649414e+00
1.980810165405273438e+00
2.009934663772583008e+00
1.997765183448791504e+00
2.001523971557617188e+00
2.017705917358398438e+00
1.995454430580139160e+00
2.000080108642578125e+00
2.000729799270629883e+00
2.006017208099365234e+00
2.003495216369628906e+00
