1.000000000000000000e+00
3.974443478822146517e+03
2.294955080266644472e+03
4.262432035956369873e+03
4.126041780801490859e+03
3.810442030847808383e+03
8.261186413082360787e+02
2.955262451753859665e+01
2.717878715686309533e+03
1.005300873136870223e+03
3.854185386092990484e+03
4.347638542284528739e+03
1.147189019458849771e+03
2.139113037629671908e+03
1.863675503850293808e+03
3.087353186535012810e+03
7.640483265016624728e+02
4.578814794610838135e+02
6.171054683671250132e+02
4.630559360819458561e+03
2.652801123104884027e+03
4.000880501387703589e+03
4.251195158576855647e+03
4.431245632083508099e+03
4.088911146400868802e+03
1.079475999521154336e+03
3.197833684993227962e+03
3.055593140935511656e+03
1.573135689616543914e+03
2.803222871007690628e+03
2.922869529356241856e+03
2.922869529356241856e+03
2.380247695465946890e+03
8.313630383026998061e+02
1.413716396351099775e+03
1.478638518881918799e+03
3.657553204285190077e+03
4.382874804442488312e+03
2.266492252684041432e+03
1.614046713077295180e+03
2.679947467121223781e+03
2.679947467121223781e+03
2.377597004078958889e+03
2.029410145246908087e+03
2.251565876979600034e+03
3.502673942167096811e+03
3.564117312506463350e+03
1.085129536211042250e+03
2.604066981742282678e+03
3.653300932674963860e+03
3.379672281757196743e+03
2.388695151614945644e+03
2.682167915226367768e+03
2.651480825285267656e+03
1.191479918645198495e+03
3.918406888347664335e+03
2.193259681035135600e+03
1.583902144919865350e+03
1.351881379893043004e+03
2.685428907991469714e+03
2.649590580544279419e+03
1.304933446031824587e+03
3.679577617077587092e+03
9.431300431122001555e+02
2.603431281772211150e+03
4.839063203603913280e+03
1.581814823411733641e+03
2.955844631636693521e+03
5.843509392684627528e+02
1.481506761210186824e+03
3.244681911669257261e+03
2.848606470760553293e+03
2.477114293512285258e+03
1.040546020365814229e+03
1.040546020365814229e+03
1.040546020365814229e+03
2.240873358366822686e+03
3.812393912457785973e+03
4.018376223588238190e+03
2.074952720535686694e+03
3.873801964508768378e+03
1.765077486793755270e+03
4.341779492006260625e+03
4.341779492006260625e+03
7.427741584441820351e+02
7.427741584441820351e+02
7.427741584441820351e+02
7.427741584441820351e+02
4.308876729044949570e+03
4.308876729044949570e+03
1.958719627334067809e+03
1.958719627334067809e+03
1.958719627334067809e+03
1.958719627334067809e+03
1.958719627334067809e+03
1.958719627334067809e+03
1.958719627334067809e+03
1.958719627334067809e+03
1.958719627334067809e+03
3.081258155695476944e+03
3.081258155695476944e+03
3.081258155695476944e+03
3.081258155695476944e+03
3.081258155695476944e+03
3.081258155695476944e+03
3.081258155695476944e+03
3.081258155695476944e+03
1.856186861280726589e+03
1.856186861280726589e+03
1.856186861280726589e+03
1.856186861280726589e+03
1.794819137125302177e+03
3.945599002081506114e+03
4.752242218288514778e+03
6.241966237371045736e+02
6.241966237371045736e+02
6.241966237371045736e+02
6.241966237371045736e+02
3.738581068915278593e+03
3.962446234993788494e+03
3.962446234993788494e+03
3.744009127911820997e+03
3.923288832021588405e+03
4.079405311487577819e+03
3.420423629139487730e+03
2.098658751893487533e+03
4.195439209644771836e+03
4.195439209644771836e+03
4.195439209644771836e+03
4.195439209644771836e+03
4.195439209644771836e+03
4.195439209644771836e+03
4.195439209644771836e+03
4.195439209644771836e+03
4.195439209644771836e+03
4.195439209644771836e+03
4.195439209644771836e+03
4.195439209644771836e+03
4.195439209644771836e+03
4.195439209644771836e+03
4.195439209644771836e+03
4.195439209644771836e+03
4.195439209644771836e+03
4.195439209644771836e+03
4.195439209644771836e+03
4.195439209644771836e+03
4.195439209644771836e+03
4.195439209644771836e+03
4.195439209644771836e+03
4.195439209644771836e+03
4.195439209644771836e+03
4.195439209644771836e+03
4.195439209644771836e+03
4.195439209644771836e+03
4.195439209644771836e+03
4.195439209644771836e+03
4.195439209644771836e+03
4.195439209644771836e+03
4.195439209644771836e+03
4.195439209644771836e+03
4.195439209644771836e+03
4.195439209644771836e+03
4.195439209644771836e+03
4.195439209644771836e+03
4.195439209644771836e+03
4.195439209644771836e+03
4.195439209644771836e+03
4.195439209644771836e+03
4.195439209644771836e+03
4.195439209644771836e+03
4.195439209644771836e+03
4.195439209644771836e+03
4.195439209644771836e+03
4.195439209644771836e+03
4.195439209644771836e+03
4.195439209644771836e+03
4.195439209644771836e+03
4.195439209644771836e+03
4.195439209644771836e+03
4.195439209644771836e+03
4.195439209644771836e+03
