1.129614995897798622e+02
9.927789227728700325e+02
2.517790552054663749e+03
3.575275270919079958e+03
2.639651138490242374e+03
4.232242294317191408e+03
3.041568255427359873e+03
1.451038530836710606e+03
6.004315490325749352e+02
9.734800245325028527e+02
2.719423687190389046e+03
4.856069591911968018e+03
1.537419335969703752e+03
4.407089416983912088e+03
1.099192489643378394e+03
1.600292771874437449e+03
3.167511973237647908e+03
2.811096185342235572e+02
4.075004590596091475e+03
4.075004590596091475e+03
2.512034824990303150e+03
4.248068136057303491e+03
4.248068136057303491e+03
4.877801820895088895e+03
3.077171390414936468e+03
1.628414556582968544e+03
3.698300760018646542e+03
2.671267358768828672e+03
1.200541447658464904e+03
1.950047601078428670e+03
1.717146742526030039e+03
2.751268013736289959e+03
3.226356562481641049e+03
7.545216168632452991e+02
3.158431161319699640e+03
2.708665239878417651e+03
2.708665239878417651e+03
3.350429582783405749e+03
4.173008698013944695e+02
2.596040748373136466e+03
2.596040748373136466e+03
2.596040748373136466e+03
3.544382511850821174e+03
1.102717506655261786e+03
9.749217262465451768e+02
2.216508089739414118e+03
2.013036454982773421e+03
1.054090080055070302e+03
1.040657427584412062e+03
4.473409615037275216e+03
2.570474214672500239e+03
2.570474214672500239e+03
2.570474214672500239e+03
4.319511261239133091e+03
5.321108734303578558e+02
5.321108734303578558e+02
5.321108734303578558e+02
5.321108734303578558e+02
6.827343634502118448e+02
4.146095186908174583e+03
3.575262284270807868e+03
2.968045013483430921e+03
2.968045013483430921e+03
2.968045013483430921e+03
2.968045013483430921e+03
2.968045013483430921e+03
2.968045013483430921e+03
3.157294306919524843e+03
4.760656574920909407e+03
1.763541997430688525e+03
1.191298458045891948e+03
1.191298458045891948e+03
1.191298458045891948e+03
4.203061609612275333e+02
4.203061609612275333e+02
4.203061609612275333e+02
4.203061609612275333e+02
4.203061609612275333e+02
4.203061609612275333e+02
2.644409112263302177e+03
2.644409112263302177e+03
2.644409112263302177e+03
2.644409112263302177e+03
2.644409112263302177e+03
1.846756613755002491e+03
4.397201930973089475e+03
4.397201930973089475e+03
4.397201930973089475e+03
4.397201930973089475e+03
4.397201930973089475e+03
4.397201930973089475e+03
4.397201930973089475e+03
4.397201930973089475e+03
4.397201930973089475e+03
4.397201930973089475e+03
4.397201930973089475e+03
4.397201930973089475e+03
4.397201930973089475e+03
4.397201930973089475e+03
4.397201930973089475e+03
4.397201930973089475e+03
4.397201930973089475e+03
4.397201930973089475e+03
4.397201930973089475e+03
4.397201930973089475e+03
4.397201930973089475e+03
4.397201930973089475e+03
4.397201930973089475e+03
4.397201930973089475e+03
4.397201930973089475e+03
4.397201930973089475e+03
4.397201930973089475e+03
3.232826487577447551e+03
3.232826487577447551e+03
5.958929486603506120e+02
5.958929486603506120e+02
5.958929486603506120e+02
5.958929486603506120e+02
8.874823683936680254e+02
8.874823683936680254e+02
1.101533722741331530e+03
4.563023914900723867e+03
2.369508741079668198e+03
4.333860031625271404e+03
3.424740443712356409e+03
3.424740443712356409e+03
1.617230574518218191e+03
1.617230574518218191e+03
1.617230574518218191e+03
1.617230574518218191e+03
1.617230574518218191e+03
1.617230574518218191e+03
1.617230574518218191e+03
1.617230574518218191e+03
1.617230574518218191e+03
1.617230574518218191e+03
1.617230574518218191e+03
1.617230574518218191e+03
1.617230574518218191e+03
1.617230574518218191e+03
1.617230574518218191e+03
1.617230574518218191e+03
1.617230574518218191e+03
1.617230574518218191e+03
1.617230574518218191e+03
1.617230574518218191e+03
1.617230574518218191e+03
1.617230574518218191e+03
1.617230574518218191e+03
1.617230574518218191e+03
1.617230574518218191e+03
1.617230574518218191e+03
1.617230574518218191e+03
1.617230574518218191e+03
1.617230574518218191e+03
1.617230574518218191e+03
1.617230574518218191e+03
1.617230574518218191e+03
1.617230574518218191e+03
1.617230574518218191e+03
1.617230574518218191e+03
1.617230574518218191e+03
1.617230574518218191e+03
1.617230574518218191e+03
1.617230574518218191e+03
1.617230574518218191e+03
1.617230574518218191e+03
1.617230574518218191e+03
1.617230574518218191e+03
1.617230574518218191e+03
1.617230574518218191e+03
1.617230574518218191e+03
1.617230574518218191e+03
1.617230574518218191e+03
1.617230574518218191e+03
1.617230574518218191e+03
1.617230574518218191e+03
1.617230574518218191e+03
1.617230574518218191e+03
1.617230574518218191e+03
1.617230574518218191e+03
