1.474776503780158521e+01
4.395129665757167459e+03
1.550726418581606140e+03
1.441715089606969741e+03
7.769792224204285276e+02
1.034527257753575441e+03
4.085923979905356305e+02
6.422109101782170093e+00
4.121790989726628140e+03
9.066534625784286163e+02
5.355853676207059380e+02
7.348869419105566294e+02
1.953729147508975075e+03
7.305139593071437503e+02
1.889641279964121168e+03
9.603369524066281429e+02
6.328035456090951811e+02
3.367074591631877070e+02
1.325291982558559312e+02
2.114094767044728997e+03
2.114094767044728997e+03
2.680499600221971377e+03
1.700687701683899832e+03
1.558242620570799090e+03
4.426697162281731835e+03
3.927038872687361618e+03
3.977767781268439649e+03
3.977767781268439649e+03
1.923176409352899100e+03
4.351857945125291735e+03
1.316893911662497430e+03
3.747238857502439259e+03
3.404476065869039303e+03
2.566924737832423489e+03
4.502052895314920534e+03
2.190932260298290657e+03
3.446632368533835688e+03
4.403298262729122143e+03
6.060382693233236751e+02
2.718786883055979615e+03
4.150995102678225521e+03
4.150995102678225521e+03
4.319860983943568499e+03
1.573439696327470756e+03
1.709147392874318484e+03
1.552585748125861983e+03
2.828144570812417442e+03
1.609203390715741079e+03
3.460061036426121063e+03
3.133632375874864465e+03
4.059426721960544455e+03
4.755199251275731513e+03
3.541801979119744828e+03
3.348477283659774912e+03
3.672346411793275820e+03
1.905475156529601009e+03
1.905475156529601009e+03
1.578512771359320141e+03
7.943945637107058246e+02
4.643073870778568562e+03
4.541293154703573236e+03
2.303939161655246608e+03
4.526590702997230437e+03
2.627883208628151351e+03
1.433768070650398386e+03
1.433768070650398386e+03
4.015119748226507909e+03
3.182778352586677556e+03
3.811772322165933474e+03
1.526112232208141677e+03
2.709165630887181919e+02
1.895592404797893778e+03
3.797804552293436245e+03
4.094083984111822474e+02
1.806789940886503018e+03
4.070308662906028076e+03
2.926369824877516294e+03
3.408661788279343455e+03
2.077009657807676831e+03
2.172926826201097811e+03
3.188052170064529491e+03
2.098635413278133001e+03
2.098635413278133001e+03
2.098635413278133001e+03
1.081647628515468568e+03
1.790886306257090155e+03
1.790886306257090155e+03
1.790886306257090155e+03
3.876555039163786660e+03
3.876555039163786660e+03
3.876555039163786660e+03
2.996461734115770923e+03
2.996461734115770923e+03
2.996461734115770923e+03
2.996461734115770923e+03
2.996461734115770923e+03
2.996461734115770923e+03
2.996461734115770923e+03
2.996461734115770923e+03
2.996461734115770923e+03
2.996461734115770923e+03
2.996461734115770923e+03
2.996461734115770923e+03
2.996461734115770923e+03
4.511102808614790774e+03
4.511102808614790774e+03
4.511102808614790774e+03
4.511102808614790774e+03
4.511102808614790774e+03
4.511102808614790774e+03
4.511102808614790774e+03
4.048581809114541556e+03
1.891037710434889050e+03
1.891037710434889050e+03
4.730403024488801975e+02
4.730403024488801975e+02
4.730403024488801975e+02
4.730403024488801975e+02
5.965718605274364563e+02
3.770929238207583694e+03
3.770929238207583694e+03
3.248780525225653946e+03
2.246146019079581492e+03
2.531548271183063662e+03
3.171417030826287828e+03
2.430599035684621867e+03
3.500316296432777108e+03
3.500316296432777108e+03
3.500316296432777108e+03
3.500316296432777108e+03
3.500316296432777108e+03
3.500316296432777108e+03
3.500316296432777108e+03
3.500316296432777108e+03
3.500316296432777108e+03
3.500316296432777108e+03
3.500316296432777108e+03
3.500316296432777108e+03
3.500316296432777108e+03
3.500316296432777108e+03
3.500316296432777108e+03
3.500316296432777108e+03
3.500316296432777108e+03
3.500316296432777108e+03
3.500316296432777108e+03
3.500316296432777108e+03
3.500316296432777108e+03
3.500316296432777108e+03
3.500316296432777108e+03
3.500316296432777108e+03
3.500316296432777108e+03
3.500316296432777108e+03
3.500316296432777108e+03
3.500316296432777108e+03
3.500316296432777108e+03
3.500316296432777108e+03
3.500316296432777108e+03
3.500316296432777108e+03
3.500316296432777108e+03
3.500316296432777108e+03
3.500316296432777108e+03
3.500316296432777108e+03
3.500316296432777108e+03
3.500316296432777108e+03
3.500316296432777108e+03
3.500316296432777108e+03
3.500316296432777108e+03
3.500316296432777108e+03
3.500316296432777108e+03
3.500316296432777108e+03
3.500316296432777108e+03
3.500316296432777108e+03
3.500316296432777108e+03
3.500316296432777108e+03
3.500316296432777108e+03
3.500316296432777108e+03
3.500316296432777108e+03
3.500316296432777108e+03
3.500316296432777108e+03
3.500316296432777108e+03
3.500316296432777108e+03
