1.580473510135254287e+02
1.299176961794842555e+03
1.649175206569337433e+03
1.837317252010107950e+03
7.077599964464285165e+01
2.149222638346149097e+02
2.180158169697047015e+03
3.817718512189348985e+03
3.534314438459680787e+03
4.395647975674104600e+03
1.596249330701539520e+03
4.436988446699518136e+03
3.590809656017248926e+03
4.528815841637679114e+03
1.830613661115214654e+03
4.535560035146035261e+03
3.108585792629875414e+03
4.249681756912758829e+03
1.209289439518392783e+03
1.425135953856546166e+03
4.301127740609411376e+03
3.086006207286569861e+03
1.825368141463192615e+03
2.771739327276196150e+02
4.713789374108868287e+03
3.551560733555394563e+03
3.467251228996803093e+03
4.352025759518784980e+03
7.249187051867565970e+02
1.604910483606384332e+03
3.125907213626434896e+03
1.187409926628767380e+03
3.197291106088720426e+03
3.887979226650519195e+03
5.793989072182608879e+02
3.618303168563025338e+03
2.378463603571263775e+03
1.851020909106225417e+03
1.312652638833666515e+03
4.142663312384124765e+03
4.147317644492380168e+03
7.233094799382864721e+02
3.737426132597375272e+03
3.749335376237093442e+03
1.472593964171840071e+03
2.511059434853985749e+03
4.216705373524460811e+03
9.089739815328725854e+02
2.401382719080281731e+03
2.437864144528703491e+03
8.792329698315456881e+02
2.967921199879890082e+03
1.000628760832062881e+03
4.820560082383141889e+03
2.010607973373723325e+03
1.204787481325726276e+03
8.552705357849240499e+02
7.925603198046666193e+02
2.464812201760172229e+03
1.428993377247484204e+03
1.487262057552201441e+03
3.702694629217100555e+03
3.359421465315863315e+03
6.694021959369575825e+02
1.080123998565270995e+03
4.522590553775209628e+03
2.944578705670696309e+03
2.054850486126693795e+03
2.856206664128389093e+03
1.808000076253839779e+03
4.264133752460779760e+03
1.647759880793059438e+03
1.647759880793059438e+03
1.004314423948228068e+03
2.662994220232607859e+03
4.428041055546370330e+02
2.556349331265981164e+03
4.246945332303939722e+03
3.017833516001317093e+03
1.660835226874875389e+03
4.457302100593457794e+02
4.457302100593457794e+02
4.457302100593457794e+02
2.443380526918904707e+03
3.716501308000929839e+03
1.240310137788858810e+03
1.240310137788858810e+03
2.910969612941257765e+03
4.231088255891663721e+03
1.698142770444088455e+03
1.698142770444088455e+03
1.698142770444088455e+03
4.170170817387484021e+03
2.898619381282431732e+03
2.559434613406297103e+03
1.505534922436831721e+03
2.891349975707195881e+03
3.014033848435886284e+03
1.175130973481373985e+03
2.745938604849505282e+03
2.767920020380578990e+03
1.679043343901079652e+03
2.714718517908464037e+03
2.097271666360012659e+03
3.482271305502988980e+03
4.339106798292560597e+03
5.153295786101122076e+02
3.219615202632759974e+03
3.928132847325515286e+03
2.509178670152133236e+03
1.425519346279363845e+03
1.785745051331859031e+03
3.002591241105726112e+03
3.002591241105726112e+03
3.002591241105726112e+03
3.002591241105726112e+03
3.002591241105726112e+03
3.002591241105726112e+03
3.002591241105726112e+03
3.002591241105726112e+03
3.002591241105726112e+03
3.002591241105726112e+03
3.002591241105726112e+03
3.002591241105726112e+03
3.002591241105726112e+03
3.002591241105726112e+03
3.002591241105726112e+03
3.002591241105726112e+03
3.002591241105726112e+03
3.002591241105726112e+03
3.002591241105726112e+03
3.002591241105726112e+03
3.002591241105726112e+03
3.002591241105726112e+03
3.002591241105726112e+03
3.002591241105726112e+03
3.002591241105726112e+03
3.002591241105726112e+03
3.002591241105726112e+03
3.002591241105726112e+03
3.002591241105726112e+03
3.002591241105726112e+03
3.002591241105726112e+03
3.002591241105726112e+03
3.002591241105726112e+03
3.002591241105726112e+03
3.002591241105726112e+03
3.002591241105726112e+03
3.002591241105726112e+03
3.002591241105726112e+03
3.002591241105726112e+03
3.002591241105726112e+03
3.002591241105726112e+03
3.002591241105726112e+03
3.002591241105726112e+03
3.002591241105726112e+03
3.002591241105726112e+03
3.002591241105726112e+03
3.002591241105726112e+03
3.002591241105726112e+03
3.002591241105726112e+03
3.002591241105726112e+03
3.002591241105726112e+03
3.002591241105726112e+03
3.002591241105726112e+03
3.002591241105726112e+03
3.002591241105726112e+03
3.002591241105726112e+03
3.002591241105726112e+03
3.002591241105726112e+03
3.002591241105726112e+03
3.002591241105726112e+03
3.002591241105726112e+03
3.002591241105726112e+03
3.002591241105726112e+03
3.002591241105726112e+03
3.002591241105726112e+03
3.002591241105726112e+03
3.002591241105726112e+03
3.002591241105726112e+03
3.002591241105726112e+03
3.002591241105726112e+03
3.002591241105726112e+03
3.002591241105726112e+03
3.002591241105726112e+03
3.002591241105726112e+03
3.002591241105726112e+03
3.002591241105726112e+03
3.002591241105726112e+03
3.002591241105726112e+03
3.002591241105726112e+03
3.002591241105726112e+03
3.002591241105726112e+03
3.002591241105726112e+03
3.002591241105726112e+03
3.002591241105726112e+03
3.002591241105726112e+03
3.002591241105726112e+03
3.002591241105726112e+03
3.002591241105726112e+03
3.002591241105726112e+03
3.002591241105726112e+03
3.002591241105726112e+03
3.002591241105726112e+03
3.002591241105726112e+03
3.002591241105726112e+03
3.002591241105726112e+03
3.002591241105726112e+03
3.002591241105726112e+03
3.002591241105726112e+03
3.002591241105726112e+03
3.002591241105726112e+03
3.002591241105726112e+03
3.002591241105726112e+03
3.002591241105726112e+03
3.002591241105726112e+03
3.002591241105726112e+03
3.002591241105726112e+03
3.002591241105726112e+03
3.002591241105726112e+03
3.002591241105726112e+03
3.002591241105726112e+03
3.002591241105726112e+03
3.002591241105726112e+03
3.002591241105726112e+03
3.002591241105726112e+03
3.002591241105726112e+03
3.002591241105726112e+03
3.002591241105726112e+03
3.002591241105726112e+03
3.002591241105726112e+03
3.002591241105726112e+03
3.002591241105726112e+03
3.002591241105726112e+03
3.002591241105726112e+03
3.002591241105726112e+03
3.002591241105726112e+03
3.002591241105726112e+03
3.002591241105726112e+03
3.002591241105726112e+03
3.002591241105726112e+03
