1.130929687500000000e+03
6.642159819602966309e-01
8.556404113769531250e-01
6.849488615989685059e-01
8.742132186889648438e-01
6.872031688690185547e-01
6.502148509025573730e-01
7.125061154365539551e-01
7.003316879272460938e-01
7.035818099975585938e-01
6.848043799400329590e-01
7.435920834541320801e-01
6.631039977073669434e-01
6.561842560768127441e-01
6.633938550949096680e-01
6.233540773391723633e-01
7.071827650070190430e-01
6.647012233734130859e-01
7.087450623512268066e-01
6.852612495422363281e-01
6.762707829475402832e-01
6.316474080085754395e-01
7.262465357780456543e-01
6.656941175460815430e-01
6.171471476554870605e-01
7.344720363616943359e-01
7.024904489517211914e-01
7.009802460670471191e-01
6.825136542320251465e-01
6.422417163848876953e-01
6.564913988113403320e-01
1.205661654472351074e+00
6.487838625907897949e-01
6.891915202140808105e-01
6.476689577102661133e-01
6.777339577674865723e-01
6.219499707221984863e-01
6.736728549003601074e-01
6.527096033096313477e-01
7.031931281089782715e-01
6.422075629234313965e-01
7.031546831130981445e-01
6.320384740829467773e-01
7.012167572975158691e-01
7.346292138099670410e-01
6.634102463722229004e-01
7.286037206649780273e-01
6.714022755622863770e-01
6.495279073715209961e-01
6.833629012107849121e-01
6.795924901962280273e-01
6.342883110046386719e-01
6.494843959808349609e-01
6.965345144271850586e-01
6.738820075988769531e-01
6.929638981819152832e-01
6.660115718841552734e-01
6.401844620704650879e-01
6.917662024497985840e-01
6.259371638298034668e-01
6.580823063850402832e-01
7.664589881896972656e-01
7.271381616592407227e-01
7.065541148185729980e-01
6.391704082489013672e-01
7.077008485794067383e-01
6.552817225456237793e-01
6.542838811874389648e-01
6.872391104698181152e-01
6.256033778190612793e-01
6.347262859344482422e-01
7.148408293724060059e-01
6.750081181526184082e-01
6.738939881324768066e-01
7.071695327758789062e-01
6.370843052864074707e-01
6.908096075057983398e-01
6.290072798728942871e-01
6.547907590866088867e-01
6.664953231811523438e-01
6.427475214004516602e-01
6.966920495033264160e-01
6.595190167427062988e-01
6.738033294677734375e-01
6.820039749145507812e-01
7.001330256462097168e-01
6.497250795364379883e-01
6.348688006401062012e-01
6.658270359039306641e-01
6.781073808670043945e-01
6.331829428672790527e-01
6.977674961090087891e-01
6.513568162918090820e-01
6.031638979911804199e-01
6.268030405044555664e-01
6.770882606506347656e-01
6.457548141479492188e-01
6.833763718605041504e-01
6.804469227790832520e-01
6.674718856811523438e-01
6.705070137977600098e-01
6.928075551986694336e-01
6.897928714752197266e-01
6.087130308151245117e-01
7.031198143959045410e-01
6.850006580352783203e-01
6.648274660110473633e-01
7.140868902206420898e-01
7.484847903251647949e-01
6.724553108215332031e-01
6.265569329261779785e-01
7.162504196166992188e-01
6.706801652908325195e-01
6.290413141250610352e-01
6.576755046844482422e-01
6.420778632164001465e-01
6.014661788940429688e-01
6.134026646614074707e-01
6.493809223175048828e-01
6.127166748046875000e-01
6.554027795791625977e-01
5.937904119491577148e-01
7.222281694412231445e-01
7.167150974273681641e-01
6.823109984397888184e-01
6.429301500320434570e-01
6.250447630882263184e-01
7.078273296356201172e-01
6.231848597526550293e-01
6.928958892822265625e-01
7.218971848487854004e-01
7.232629656791687012e-01
7.226462364196777344e-01
6.829677820205688477e-01
6.633234620094299316e-01
6.590332984924316406e-01
6.547138094902038574e-01
6.350487470626831055e-01
7.089103460311889648e-01
7.218909859657287598e-01
6.987939476966857910e-01
6.957997679710388184e-01
6.801582574844360352e-01
6.827823519706726074e-01
6.657276749610900879e-01
7.598442435264587402e-01
7.159407138824462891e-01
6.987503170967102051e-01
6.474686264991760254e-01
6.515139341354370117e-01
7.300549745559692383e-01
7.102311253547668457e-01
6.683511734008789062e-01
7.401099205017089844e-01
6.819632053375244141e-01
6.784275174140930176e-01
6.114637851715087891e-01
6.438028812408447266e-01
6.728543043136596680e-01
6.597688198089599609e-01
6.720311641693115234e-01
6.528906822204589844e-01
6.705435514450073242e-01
6.518476605415344238e-01
6.606979966163635254e-01
7.152550816535949707e-01
6.321624517440795898e-01
6.505567431449890137e-01
6.510600447654724121e-01
7.002678513526916504e-01
5.919402241706848145e-01
7.037788033485412598e-01
6.310802698135375977e-01
6.815370321273803711e-01
6.766131520271301270e-01
6.304377913475036621e-01
7.023341059684753418e-01
7.173838019371032715e-01
6.842954754829406738e-01
6.066345572471618652e-01
7.604847550392150879e-01
6.597421765327453613e-01
6.330420374870300293e-01
6.776015758514404297e-01
6.975975632667541504e-01
7.814728617668151855e-01
6.687264442443847656e-01
6.846686005592346191e-01
7.098667621612548828e-01
6.212192177772521973e-01
6.318902969360351562e-01
6.474309563636779785e-01
6.278544664382934570e-01
6.276128292083740234e-01
7.743382453918457031e-01
6.941639184951782227e-01
6.409810185432434082e-01
6.709731221199035645e-01
6.670970320701599121e-01
6.944400072097778320e-01
6.135371923446655273e-01
6.500469446182250977e-01
6.662927865982055664e-01
6.819857954978942871e-01
6.398698687553405762e-01
6.297456026077270508e-01
7.504258155822753906e-01
6.379666328430175781e-01
6.472284197807312012e-01
6.782822012901306152e-01
6.445232629776000977e-01
7.287192940711975098e-01
6.626568436622619629e-01
6.675335764884948730e-01
6.640219092369079590e-01
6.831136941909790039e-01
6.249660253524780273e-01
6.691663861274719238e-01
6.675508022308349609e-01
6.013786792755126953e-01
6.377763748168945312e-01
6.786137819290161133e-01
6.713657379150390625e-01
6.312869787216186523e-01
7.490519881248474121e-01
6.620818376541137695e-01
6.020183563232421875e-01
6.556202173233032227e-01
6.279883384704589844e-01
6.468924880027770996e-01
6.885199546813964844e-01
6.710648536682128906e-01
6.511574983596801758e-01
6.891026496887207031e-01
6.171950101852416992e-01
6.107215285301208496e-01
6.655385494232177734e-01
6.682744026184082031e-01
7.464295625686645508e-01
6.984623074531555176e-01
7.144448161125183105e-01
