1.010091702784662289e+02
1.002007313576673164e+00
1.299900795564453704e+00
1.002016620791027934e+00
1.146438532770185370e+00
1.005503962289318043e+00
1.000322325941696455e+00
1.001054898456354092e+00
1.000568092857053282e+00
1.000159654205853954e+00
1.000470493117151749e+00
1.000600285386679111e+00
1.002762032836993056e+00
1.000474303015144173e+00
1.000282611395797661e+00
1.000605393656516684e+00
1.001255255690143953e+00
1.000359602702144857e+00
1.001862041325566999e+00
1.001082120442100543e+00
1.001465090849164685e+00
1.003030020128400146e+00
1.021337852180054018e+00
1.000954612905675667e+00
1.000976240203895085e+00
1.000295767743804465e+00
1.000122625523435005e+00
1.000349883060581924e+00
1.003939520075397773e+00
1.004390363922694540e+00
1.000239802014979418e+00
1.106673087446615744e+00
1.001205079762053529e+00
1.000497465954077736e+00
1.003544487212517877e+00
1.000128594451526576e+00
1.000801709779977955e+00
1.000926818550996078e+00
1.000653421155967671e+00
1.001877650507070117e+00
1.000251017543279497e+00
1.000988224396527349e+00
1.000724049350886435e+00
1.000761435167649038e+00
1.000289468448859465e+00
1.000204916392657184e+00
1.000716042529045113e+00
1.003203966645994871e+00
1.000661550466661831e+00
1.001059375070928681e+00
1.002664661535524804e+00
1.000343909464906922e+00
1.005402446660075055e+00
1.000876920184264440e+00
1.000856711723449699e+00
1.004244991560798272e+00
1.007212089793837029e+00
1.009468983842735312e+00
1.001282120060055458e+00
1.011174717336309037e+00
1.018628804834869950e+00
1.000953991790625608e+00
1.001080593753999493e+00
1.003444904419707351e+00
1.008203838488663573e+00
1.001524126547818971e+00
1.002273524900260782e+00
1.000985497702481686e+00
1.003345580307001494e+00
1.001075696223918232e+00
1.000492332922296557e+00
1.000358710027004827e+00
1.000184218857956608e+00
1.000706700930696247e+00
1.000490783764150349e+00
1.004708618624909899e+00
1.000080290866912414e+00
1.000758489788428296e+00
1.000210908322474612e+00
1.000015176073542733e+00
1.000972862528797025e+00
1.000024864855478368e+00
1.000034371967165381e+00
1.000327136294947739e+00
1.000078380521544075e+00
1.000065258853247263e+00
1.000438371660560266e+00
1.001588841484837955e+00
1.000203956934033078e+00
1.000069248872534677e+00
1.000044398407634150e+00
1.000271917367777430e+00
1.000206743654377339e+00
1.000221767700995024e+00
1.000201962088091312e+00
1.001417320622185470e+00
1.001300539261822831e+00
1.000406951625444574e+00
1.007926074598630706e+00
1.000150428889534870e+00
1.000985189271430986e+00
1.000841362366132525e+00
1.000250333583811324e+00
1.000251664868586188e+00
1.000236183782037269e+00
1.000417541557845125e+00
1.015076660955130050e+00
1.000362596855660646e+00
1.000486352139681401e+00
1.000294234357071099e+00
1.001009462377410397e+00
1.001013436572967708e+00
1.000048892457444660e+00
1.000015816424181025e+00
1.000147367509135243e+00
1.000013456945784363e+00
1.000020873693433510e+00
1.000035802005241115e+00
1.000009355570434577e+00
1.000033130662006053e+00
1.000022706935474126e+00
1.000012778386780044e+00
1.000008440807657717e+00
1.000046632982350081e+00
1.000095790517818051e+00
1.000081771966686572e+00
1.000074492784123636e+00
1.000024757878652526e+00
1.000038208080964219e+00
1.000040809076154558e+00
1.000014262803489817e+00
1.000062855067205270e+00
1.000056564007993476e+00
1.000028065777843089e+00
1.000005232302317193e+00
1.000794537250027982e+00
1.000016134603562756e+00
1.000022354841945793e+00
1.000024482699509276e+00
1.000013274549657938e+00
1.000001718842567833e+00
1.000026664354558115e+00
1.000072613694097168e+00
1.000011575173021416e+00
1.000010817845886413e+00
1.000014287842236893e+00
1.000020504239051089e+00
1.000003982238846012e+00
1.000041680322421689e+00
1.000004127820073974e+00
1.000018910195851873e+00
1.000012503755404181e+00
1.000485862202382448e+00
1.000006896180571259e+00
1.000037644065892017e+00
1.000019065381852146e+00
1.000011936673929958e+00
1.000686650813556788e+00
1.000002602255430251e+00
1.000002815968769943e+00
1.000005373092491379e+00
1.000025880418297985e+00
1.000006424767381441e+00
1.000002565957595291e+00
1.000000342140325404e+00
1.000001844365318249e+00
1.000006602450531190e+00
1.000002453800095115e+00
1.000000455238077901e+00
1.000001821527230383e+00
1.000000728784032233e+00
1.000001013822451768e+00
1.000000847294680195e+00
1.000000202637130187e+00
1.000000950581457326e+00
1.000000369903948139e+00
1.000000522511620416e+00
1.000000221393102517e+00
1.000000364098423411e+00
1.000000240099860216e+00
1.000000110861528846e+00
1.000000487333479127e+00
1.000000311743616477e+00
1.000000251035486176e+00
1.000000342199430792e+00
1.000000437263434572e+00
1.000001687687774865e+00
1.000000337898792280e+00
1.000000484066509099e+00
1.000000120041281804e+00
1.000000580053207244e+00
1.000000255676191108e+00
1.000000084108052079e+00
1.000000107564345653e+00
1.000000982803092242e+00
1.000000082286055525e+00
1.000000088838174817e+00
1.000000265865980786e+00
1.000000568520535982e+00
1.000000425779583590e+00
1.000000065848247743e+00
1.000000063889104451e+00
1.000000849096985389e+00
1.000000018356670184e+00
1.000000282413026520e+00
1.000000091047167139e+00
1.000000062155372849e+00
1.000000021042130482e+00
1.000000031217294971e+00
1.000000070500944416e+00
1.000000345414624681e+00
1.000003289053494226e+00
1.000000044691990553e+00
1.000000025073218168e+00
1.000000054066656707e+00
1.000000019249736027e+00
1.000000084561572189e+00
1.000000107644660075e+00
1.000000025162381068e+00
1.000000031980498250e+00
1.000000820192930906e+00
1.000000129789257564e+00
1.000000009221252650e+00
1.000000009371954102e+00
1.000000457330297188e+00
1.000000043975418418e+00
1.000000031026363034e+00
1.000000031571609771e+00
1.000000023141008887e+00
1.000000447865666553e+00
1.000000019401293683e+00
1.000000414597434384e+00
1.000000019763723991e+00
1.000000024407545984e+00
1.000008642235891587e+00
1.000000008010674790e+00
1.000000043628218815e+00
1.000000169271857864e+00
1.000000226421580152e+00
1.000000155442316574e+00
1.000000019152312847e+00
