9.134827641159908751e+00
6.702791783906269529e+02
2.854674256419427252e+02
7.069206362731590616e+02
4.441386249711538881e+01
2.129747550369521832e+03
3.949698681850962657e+03
1.921510119916533995e+03
3.954807341424896549e+03
2.098729322078532277e+03
3.401048283114860169e+03
2.011155804990652086e+03
7.043106647840925234e+02
4.250861446674867693e+03
4.576015796632000274e+03
2.542328951335872716e+03
1.352277407562051394e+03
3.203180121775038060e+03
3.998528673813270871e+03
2.791133035847352403e+03
1.170357766187484003e+03
7.451166710760675187e+02
2.605750372366771330e+02
7.535406192843723829e+02
3.822016004210858227e+03
4.550441492652335000e+03
4.123263059613821497e+03
1.944568616719074498e+03
2.527635853301999305e+03
5.925101476752926146e+02
4.535721068306022971e+03
4.472026263918982636e+02
9.750962356120312506e+02
1.964167029313643980e+03
9.767394390317969055e+02
1.912380180757719245e+03
1.790300656623188388e+03
1.638403443559910329e+03
4.110933660421720560e+03
1.094327760454502140e+03
2.424866983118052303e+03
3.995676363193103043e+03
4.474149064443734460e+03
3.346270581067999501e+03
3.932178361558957931e+03
1.993147941846623326e+03
2.693499924944191207e+03
3.867698021130478537e+03
8.208961703425356973e+02
2.713743503069204053e+03
6.357018841701830070e+02
1.715016010829743209e+03
3.343407641045979517e+02
3.313472975571369261e+03
1.377351536615378791e+03
5.162487576299771490e+02
2.665967872663700859e+02
2.618862729755720125e+02
6.495262767539171591e+02
4.037639908589380866e+02
3.237771969379743950e+02
2.964062924544122325e+03
1.722201031961629724e+03
1.077256322876461809e+03
1.821571555389103878e+02
5.134859307945861246e+02
2.230925408679205702e+03
3.883831948613542863e+03
8.386784517855053309e+02
1.547490458266393034e+03
2.808500121428343391e+03
1.230542340627126123e+03
4.340828515091897316e+03
3.178194995578292492e+03
7.226881706328219934e+02
4.385115484971302976e+03
4.385115484971302976e+03
2.881766007780543077e+03
4.375690834919099871e+03
1.042391217120418105e+03
6.274133691947253055e+02
6.274133691947253055e+02
6.274133691947253055e+02
1.676837127846153862e+03
1.676837127846153862e+03
4.358323470997167533e+03
2.940646525465221202e+03
1.029940681523148669e+03
3.890175501957813594e+03
1.569335131766990571e+03
1.569335131766990571e+03
1.821062990019457175e+03
2.855451562227875911e+03
4.338181063888509925e+03
4.130184432474146888e+03
1.071373443264855041e+03
1.394095112650894862e+03
3.088741623799987792e+03
5.739129628346089476e+02
4.540424869664975631e+03
4.359434429453324810e+03
2.106784808978758065e+03
2.250641917487238061e+03
3.827499098078057614e+03
4.666547680906182904e+03
1.515017642372122282e+03
1.229547038240164056e+02
2.037472380831482496e+03
3.550351066510652799e+03
1.907657951376788333e+03
2.770546817629219731e+03
2.044964111072259357e+03
5.006656130920489431e+02
5.006656130920489431e+02
4.452913657333803712e+03
4.452913657333803712e+03
4.452913657333803712e+03
4.452913657333803712e+03
4.452913657333803712e+03
4.452913657333803712e+03
2.765607969671979845e+03
2.765607969671979845e+03
2.765607969671979845e+03
1.569788178067793524e+03
1.903354156865401137e+03
2.530377543115761910e+03
2.530377543115761910e+03
2.530377543115761910e+03
2.159491874604720579e+03
2.159491874604720579e+03
2.838570527217836116e+03
2.838570527217836116e+03
2.838570527217836116e+03
6.311170930087901070e+02
6.311170930087901070e+02
1.255038905708087213e+03
1.255038905708087213e+03
1.255038905708087213e+03
5.795025934618606698e+02
5.795025934618606698e+02
5.795025934618606698e+02
1.772341906054242145e+03
3.761431022167896117e+03
3.761431022167896117e+03
6.525063833233227797e+02
6.525063833233227797e+02
6.525063833233227797e+02
6.525063833233227797e+02
6.525063833233227797e+02
6.525063833233227797e+02
1.792992067733577414e+03
1.792992067733577414e+03
2.019043012575593821e+03
2.019043012575593821e+03
1.016073385503335430e+03
1.016073385503335430e+03
1.016073385503335430e+03
1.441541054296270431e+03
1.441541054296270431e+03
1.441541054296270431e+03
1.441541054296270431e+03
1.441541054296270431e+03
1.441541054296270431e+03
1.441541054296270431e+03
1.441541054296270431e+03
1.441541054296270431e+03
1.441541054296270431e+03
1.441541054296270431e+03
1.441541054296270431e+03
1.441541054296270431e+03
1.441541054296270431e+03
1.441541054296270431e+03
1.441541054296270431e+03
1.441541054296270431e+03
1.441541054296270431e+03
1.441541054296270431e+03
1.441541054296270431e+03
1.441541054296270431e+03
1.441541054296270431e+03
1.441541054296270431e+03
1.441541054296270431e+03
1.441541054296270431e+03
1.441541054296270431e+03
1.441541054296270431e+03
1.441541054296270431e+03
1.441541054296270431e+03
1.441541054296270431e+03
1.441541054296270431e+03
1.441541054296270431e+03
1.441541054296270431e+03
1.441541054296270431e+03
1.441541054296270431e+03
1.441541054296270431e+03
1.441541054296270431e+03
1.441541054296270431e+03
1.441541054296270431e+03
1.441541054296270431e+03
1.441541054296270431e+03
1.441541054296270431e+03
1.441541054296270431e+03
1.441541054296270431e+03
1.441541054296270431e+03
1.441541054296270431e+03
1.441541054296270431e+03
1.441541054296270431e+03
1.441541054296270431e+03
1.441541054296270431e+03
1.441541054296270431e+03
1.441541054296270431e+03
1.441541054296270431e+03
1.441541054296270431e+03
1.441541054296270431e+03
1.441541054296270431e+03
1.441541054296270431e+03
1.441541054296270431e+03
1.441541054296270431e+03
1.441541054296270431e+03
1.441541054296270431e+03
1.441541054296270431e+03
1.441541054296270431e+03
1.441541054296270431e+03
1.441541054296270431e+03
1.441541054296270431e+03
1.441541054296270431e+03
1.441541054296270431e+03
1.441541054296270431e+03
1.441541054296270431e+03
1.441541054296270431e+03
1.441541054296270431e+03
1.441541054296270431e+03
1.441541054296270431e+03
1.441541054296270431e+03
1.441541054296270431e+03
1.441541054296270431e+03
1.441541054296270431e+03
1.441541054296270431e+03
1.441541054296270431e+03
1.441541054296270431e+03
1.441541054296270431e+03
1.441541054296270431e+03
1.441541054296270431e+03
