1.014363898843812848e+02
1.071432547136185881e-01
5.734771673166269741e-03
4.299690243406275279e-03
2.820965749839232737e-03
6.555795976061021832e-04
2.130504582297651148e-03
6.313730338716302872e-04
6.191025070956437514e-04
9.931744178825914742e-04
6.095280804945097351e-04
2.669245813102493099e-03
6.237655196531868840e-04
7.264812348661793063e-04
1.647069098562269811e-03
3.058900624864831566e-03
5.811561426917319015e-04
5.362327670502318663e-03
2.509085319959449435e-03
1.365797074531635395e-03
1.571020840052707096e-03
2.601494731206117211e-02
2.482579457815410964e-03
9.242377167800886872e-04
1.357268851323344128e-02
2.279019467924533332e-02
4.502684348167861755e-02
1.431424843220005169e-02
1.139878586358342334e-02
5.933112257046149925e-03
6.951161956002120668e-02
1.062372307574450080e-02
2.097619632375580939e-03
3.866830493529772959e-03
1.015435034575678727e-02
7.015940942153669341e-03
6.683627315198325917e-03
5.878500575069794953e-02
8.129496462506898002e-02
1.445862443450528700e-03
3.597636071610899045e-03
1.509012126832977177e-03
1.905579721331002868e-02
1.892869892668438232e-03
9.739524166428307388e-04
5.372960409842900045e-04
1.427232644298961255e-03
4.598934480234508244e-03
4.584641288159265193e-01
5.050598781131122594e-01
2.259843959376251279e-03
1.597874622417962825e-02
1.355082074276508716e-02
2.946174885572940146e-04
2.404781926563993486e-04
1.482664421367355578e-03
3.377685271741757956e-04
1.748461620465238415e-03
2.794319634538056834e-04
1.720234925112084333e-03
5.304609154669989550e-03
5.166731275233321652e-01
8.450362020676419061e-02
9.374875076760710857e-02
2.005227871285857749e-02
4.666335224017825745e-02
3.369019191586652973e-02
9.220987493929768547e-03
1.512919603242772948e-03
1.567654449303595337e-03
4.384023007014455686e+00
7.801508863748475055e-04
1.450231218791478774e-02
1.290913393383265849e-02
6.951875498573360920e-04
1.350729596522049750e-04
1.696554036798892783e-03
8.852561258177961325e-04
2.131880374117925284e-04
2.338654397385676192e-04
6.787275491978783182e-04
8.537079246907997238e-04
2.674016367955818789e-04
2.306283903887708993e-04
1.759298172225077258e-04
1.318548110288249569e-03
5.210383723362372894e-04
2.107685715953238736e-04
7.770812066558316572e-05
3.239672287528728420e-05
1.291436996447605499e-04
2.953298754041043330e-05
2.209988040368451607e-04
5.955612754393757336e-05
1.924057616469938112e-05
6.532446764924080904e-06
5.002309430875671870e-05
7.199682232758051921e-06
2.583422559786197580e-05
1.065525359245567119e-05
2.564819905945309360e-05
2.772974987430219774e-05
1.582130679567388397e-05
2.691470625956024447e-05
8.595952142424380252e-04
3.170685993061528616e-05
1.576479951476221950e-05
2.240709585575420242e-05
1.421419291085635297e-04
7.216591469078962044e-06
1.503052653689281580e-04
3.554227500286126083e-04
2.657816971471243936e-05
1.113069436981474123e-04
1.344035931785312715e-05
4.355833320635734091e-05
4.507061011794692126e-05
1.585986219698281218e-03
1.592582926756317459e-03
4.532188023520571053e-06
1.148851031891862898e-05
4.395879722788809054e-05
1.025343497357274246e-03
3.248638002213938107e-05
5.180793118602509864e-05
1.693051099177276563e-05
5.412659791637186688e-05
8.638325683552303981e-05
5.638884415286444759e-05
5.389606135274342636e-04
4.500215228186539497e-05
5.496392565183596006e-04
4.029152834628355615e-04
1.660936969576983651e-05
5.506253682268834137e-05
2.733345037483216909e-05
1.216451082978637984e-05
1.069411672168060263e-05
1.019725150482689730e-05
3.004579220249723021e-05
2.303766533896522871e-06
2.008028036039950876e-06
1.762725251149341954e-06
2.957678877989941806e-06
2.283057511523712776e-06
3.339397757407835850e-07
2.420481554930196606e-07
7.345199941864801468e-07
2.100714289187821208e-06
7.284213060007262049e-07
1.251962016180438243e-06
1.591659367272590058e-06
1.959427818898375998e-06
1.132474228972594086e-05
3.738180151372253773e-06
2.762454000797059507e-06
3.769235443772140605e-06
1.260895444843938970e-04
1.556527416459699788e-05
3.210631949362638919e-06
1.061339333726874722e-06
5.152297128497983648e-04
3.682191611602463447e-06
1.334759260303999972e-05
1.609265310941941021e-06
8.193032347058277429e-06
2.740279297060803886e-04
3.862513242621126974e-06
4.161637109895755906e-06
8.762325895159779601e-06
1.489864267632192141e-06
1.806692100730747111e-06
7.850566288612670321e-07
1.942182831075571622e-04
5.072644314687103768e-07
4.850688378409433677e-07
5.100740936871399101e-06
8.109720544509681776e-07
7.493436955697756542e-06
4.612259305243693658e-07
1.462463577385581560e-06
1.619788069607904704e-06
1.681436509655955962e-06
4.105514769004385529e-06
1.559915246526646335e-05
3.014534183999828071e-06
5.665269909517669903e-06
1.927464230060638051e-06
9.595456402343761864e-07
1.131042134472619192e-06
3.223836900381600174e-06
6.883611478217220716e-06
1.744300100782965666e-07
1.846310525213309491e-07
5.331046389771521554e-07
3.420870647956872445e-07
5.122367757600998786e-07
1.524854301473279114e-07
4.744169190288610889e-07
1.554501369292248277e-06
5.317729698334986577e-07
1.096097050324516099e-05
3.033002762111375384e-07
1.167901105938820145e-06
1.704731634132364294e-06
7.601990018368140232e-06
1.670054492648782972e-06
2.728846841594352017e-06
3.707894128464121438e-05
3.865040095494223733e-07
1.074376295209460153e-06
7.090062795418828916e-07
1.705796124448939066e-06
1.002185404344532873e-04
2.581574430799326123e-06
9.533909481455361823e-07
6.105003437970529154e-07
4.051171269687321632e-06
1.497791954024260245e-05
5.949800283556409644e-07
4.318381489299960521e-07
5.540394073983351598e-07
6.233495853588970812e-07
7.003056102667972854e-07
2.830272408652655507e-07
1.741454593530237971e-07
2.577858664443223437e-06
2.709161082635073012e-07
6.476340964052166098e-07
1.283186109829424361e-06
1.937308106657993973e-07
8.856271773046703926e-07
1.485096812975344628e-07
7.961760370991068224e-08
1.446065128973609249e-06
4.536930584441191176e-08
3.448607366457020586e-07
1.454360775831617437e-07
1.215443386482490862e-07
1.551373517974231303e-06
4.572229715145258672e-07
