2.557658770170416673e+01
2.580244743234505222e+03
3.226607917852803666e+02
7.019524262677548450e+02
1.018849894487309825e+03
1.366059240477500794e+02
4.086698066046021722e+02
1.016748075338767023e+02
4.426672675943070203e+02
2.243637811012438590e+02
9.968486533984739140e+01
2.566990370994883506e+02
3.054858140905249684e+02
6.754276875720331930e+01
2.001291140178720696e+01
2.184420386108983621e+03
1.385539187900626530e+02
1.552545630318274732e+02
1.904750816363709305e+02
2.691889128357552750e+02
5.918898261203696443e+00
3.249764923511109060e+01
3.187109942241262672e+01
5.377859198653907669e+01
9.130839084733473499e+00
1.034974806501308109e+01
2.620424228531286204e+01
9.822550780595022957e+01
1.319502327059053215e+01
1.140404361785036826e+02
6.460980449246467749e+00
1.713155304971147430e+00
4.669252410902335981e+01
1.216420019584404066e+01
9.053381407233582756e-01
2.853743732435257741e+01
2.371363753993011159e+01
3.367265321377553189e+00
2.983344461794294489e+01
3.383611244632210457e+01
1.182689060005583315e+01
7.010113703701983923e+01
1.196378084928994490e+01
5.363093682588158373e+01
1.316734733323987143e+02
2.383703226377631168e+01
1.020222229806091363e+01
2.882897642166491803e+00
3.951224704035693946e+01
1.901344915358064100e+03
6.380121245373596928e+00
2.676329780111399259e+02
6.717271326176975776e+01
3.164344156786377482e+01
1.312800206580679401e+02
5.489460426257630843e+02
5.541407826538196701e+01
1.019381686163151699e+03
2.138236263731511855e+01
1.393228924159200687e+03
2.140317347617035466e+02
9.076313048617599577e+01
2.324780021939467929e+02
7.226995307971080820e+02
1.761358742162227372e+03
8.470969065560220770e+02
2.416348073799137637e+03
2.836124353956421601e+03
1.948672857765792799e+02
1.441180013367178390e+03
3.450294108743441939e+03
4.734929421131239906e+03
1.493825594907002596e+03
1.495015960545306143e+03
3.735962489728741275e+03
6.056273021777964232e+02
6.583724517732530330e+02
3.772866906539584306e+02
6.242095818941591006e+02
3.750248518144057925e+03
2.896947092630584393e+03
2.511661171408855353e+03
3.334581176415842378e+02
2.131695126764394956e+02
5.955091062780594484e+02
4.296281501482357044e+02
7.325814478602435429e+02
1.542332191133233209e+03
2.100224022038258227e+03
7.507308592518302248e+02
1.655536747972313151e+03
2.727240226239905496e+02
1.667341004598354175e+03
3.852267048282528776e+02
4.979220811626520344e+02
5.436643790322791574e+02
4.127094829984306443e+02
2.753790402042160963e+02
2.135502370494341164e+02
5.794070477766643990e+02
2.378376006646678320e+02
1.252219085175472770e+02
8.951284742343860898e+02
2.212361174665620638e+02
2.611841289405329007e+02
6.132478342317225497e+02
9.504269689616823769e+01
2.128113150585860183e+02
4.828052010052496712e+02
2.278064146812169781e+02
1.921625757619127626e+03
3.547386399507795574e+01
6.559288106386081836e+02
2.390359825175074775e+02
1.283624586227843110e+03
4.773414448052176908e+02
8.732815485102979380e+01
1.264165961121467035e+03
3.144202017457353122e+02
3.854776594649630965e+02
1.502147858917499548e+02
1.161013615893298265e+03
1.516104745996853183e+02
1.691395179513304869e+00
3.562880860237117304e+03
4.341153211469620601e+02
3.565878517354261135e+02
9.641665535735405683e+02
6.112718262704137828e+01
5.425133792943768185e+02
9.696020884991631874e+02
3.232786054346590277e+02
3.479701799804158782e+02
4.337921234691997370e+02
9.698492509578849763e+01
2.421330656403291073e+02
8.731181297770110916e+01
2.658262498917806056e+02
1.066073484166066237e+03
7.763365994932513559e+02
8.325055615282177257e+01
5.381211322549138032e+01
4.485003505930516781e+02
1.108726823155629546e+02
2.907112386521235976e+02
1.592000506760570318e+02
6.650291774558186653e+00
3.950784234696838837e+01
2.645171255838270667e+02
1.033847360059342151e+02
8.675055196347238962e+01
4.864683275627669445e+02
1.313530109979414533e+02
7.982718210370178440e+02
1.528227028378228169e+02
9.931113144254693736e+01
2.565202428789633018e+02
6.304948497106704508e+01
8.861800179673519295e+00
9.253573913366010117e+01
1.593009822568972833e+00
6.986646157846264771e+01
1.888107586973295327e+01
1.757604132122479257e+01
6.459859870681785878e+02
1.511548939607351727e+01
5.054671481730204974e+00
8.273699002031239758e+00
1.559666904218822765e+02
5.831538791437171199e+01
1.667341963748159742e+03
8.491914942051728588e+01
1.145948812275003803e+02
4.293035695261209383e+01
1.790469106223430629e+01
1.115131988777190770e+02
3.414067219297702849e+01
7.648087646245053861e+01
6.179864823272918528e+00
9.734412075352348381e+01
2.991684447303668648e+01
5.897921541665936047e+02
7.857126559229806162e+01
1.956656753260691062e+02
3.258179216710278752e+02
5.723939835780376129e+00
8.845933917936153534e+01
1.416570718506615378e+01
6.724230877109923199e+01
1.486323958312349873e+02
2.378681193857831744e+01
3.938021815384025359e+01
2.637200622633101688e+01
9.370724734158564218e+00
2.227517450250723030e+01
1.006202836943773065e+02
3.435016761508644834e+01
2.630633214497936123e+01
5.690757587809452289e+00
1.922054282750695720e+01
2.327225911610161546e+01
2.385415643398673069e+01
7.539619898035260803e+01
3.321668311646937877e+00
4.422749216997273436e+01
4.144349702364597761e+02
1.363085157801935132e+01
2.106764511396395179e+01
7.969034575939207343e+01
1.133248105168189426e+02
1.081714730888836762e+01
1.331657997594003859e+02
1.573538726753349977e+02
1.418283087098767759e+01
7.956128741905446304e+02
1.491990814405522997e+03
1.837782234189073961e+03
4.513152792330306085e+01
1.455583395208515753e+02
7.459867173585439559e+01
8.831006171126214213e+02
3.757339463004579549e+00
5.547600697644202050e+00
2.555769381577761123e+03
4.499574748992984041e+00
5.715841137389735422e+02
4.992334760709331221e+01
3.095495574443404507e+02
6.848495515559393709e+01
6.517006961013978028e+00
1.289746697231133155e+01
2.346349497718134444e+03
3.233570886923188823e+02
4.700120605116694605e+02
2.217983362399544234e+01
8.482113608926789894e+00
8.217613193808773531e+01
9.856905812883906037e+01
1.372083424424037503e+03
7.974652331088710753e+02
6.629603268831202101e+00
