1.455142826740879691e+00
2.304163221943292261e-02
2.648968900568873623e-03
1.212266274616731736e-03
9.027069308951470722e-04
4.502548182310060374e-04
3.468798214557590161e-04
4.137419569280317909e-04
2.434352599951328071e-04
3.313487567095934499e-04
3.360036688972289757e-04
5.540572643421919595e-04
6.278075686992228878e-04
2.874719145649075563e-04
6.620125584568456716e-04
4.861454721865159632e-04
5.602688061223501294e-04
7.085830634492122897e-04
9.472791619970738312e-04
5.414440751694130950e-04
1.060991580246466604e-03
1.187045749547552438e-02
1.492789757953399922e-03
8.351262498010147799e-04
4.917480249947034539e-03
1.878711072454104070e+00
2.637543652990846990e-02
4.109926777641546153e-02
8.572484361122015978e-03
1.181544958989184761e-02
1.628783735216081940e-01
4.715260647550127693e-02
1.202037986392013730e-01
1.101578045751324098e+01
5.210167320438000571e-01
5.673125797324015535e-02
1.367082036985560987e-02
3.270306783894203928e+00
9.667873020739741960e-03
1.414302474221780211e-03
5.528234711721204467e-04
1.460125658559366813e-03
3.121677364215899846e-03
5.345069721596202965e-04
7.561054007715083125e-03
5.969101355913771639e-03
1.497133464952492776e+00
3.959670777070981723e-02
1.801426462885734736e+01
1.694348787826833203e+01
1.227722642450033952e+01
2.205004938599005584e+02
2.098049438363600139e+00
9.755399932591720003e+00
4.581269288730424050e-01
8.434679614922697510e+01
1.858325392102038265e+01
3.579490930143211358e+01
2.128581536018020248e+00
2.391380642431290937e+01
2.029879421412802856e+02
5.882445441188372115e+01
2.378451840001874871e+02
9.754164838616405930e+00
2.035478257281918957e+02
4.884787465982533661e+01
6.915101715403436629e+02
1.248283127928316162e+03
4.125973920926323899e+02
6.419052806555959023e+02
1.902535473896465845e+01
1.935437429726031944e+00
3.666129115509453307e+00
5.698663946170481722e+02
6.460332958096314826e+01
9.055252736863418761e+01
5.859791654249078618e+01
2.554560364074008305e+01
7.399145602862740922e+00
3.573147800572969857e+01
1.647405801886218413e+01
8.299102810300073685e+00
2.420584058463063215e+01
3.146022039413634008e-01
6.818964358097025524e+01
1.482445626335060638e+02
1.262446785630300994e+01
5.183104746495202875e+01
8.790805172410688328e+01
3.805288985556877890e+01
1.928539070252188381e+01
4.966006512388744198e+01
1.612305822791463683e+01
1.324763835671328671e+01
6.723504468027516623e+01
2.067185155808765273e+01
1.965886843215412849e+00
1.694079529424710273e+01
4.550529922816474837e+00
1.180786114924325059e+00
2.477753215384041141e+00
9.998108506529767681e+00
1.907739144778988987e+02
2.013783475804418632e+00
2.142058391841864307e+01
1.167304560134876645e+01
5.786908090121618109e+00
1.018041947526353752e+01
4.224641745193537190e+00
1.296459437049970242e+00
2.579148322845168817e+00
1.195822178488632259e+00
3.989863718574332552e+01
2.825657152962634910e+01
2.411419026377306096e+01
8.067880688260411048e+00
9.583154368684976987e+01
5.452035542625515774e+01
9.120374917077445076e+00
4.073916807456554046e-01
2.586301899570614626e+00
2.932859638372793754e+01
3.447671128631643711e+00
1.381927131394436792e+01
6.151438315515643573e+00
3.274323967728420826e+01
8.876155812173391269e+01
1.588000299167852631e+02
5.196909613543503781e+00
5.436042564080506878e+01
1.505412317024858169e+02
6.919395922263012721e+01
2.039536477316262264e+01
6.275549623930879051e+01
1.755370069891783658e+01
2.907205745405282187e+02
4.141240210396893673e+01
2.985976979670410714e+01
1.739813631922983461e+02
1.949082624189621882e+01
2.730346200244436545e+02
1.954153822808796681e+00
4.396494952660881239e+01
1.591826867343195895e+00
4.463713190540342879e+00
1.696662441572899382e+01
2.116509508586031707e+00
5.085896823559788338e+00
6.592150165644432036e+01
9.608265494783621019e-01
6.583377239958734606e+01
3.056589349838949587e+00
4.574902824122648148e+00
1.176317238794412745e+01
1.418828309923187447e+01
2.817251827655330221e+00
1.948269334315907741e+01
6.151216813702702346e-01
5.486042777950068672e-01
9.238633879284408934e+00
6.562012834238944992e-02
3.170526559653854548e+00
3.599800088464085945e+00
3.185641654161882053e-01
5.402004674861946576e-01
9.270164718972548901e-01
1.598692857070189433e-01
1.430945446927110609e+01
1.722537180364976450e+02
1.025243681287114583e+01
9.425726305294023888e+00
9.094262681099269940e+00
2.003631191981926740e+00
1.621444519150256625e+01
5.050628781143024604e+00
3.095003074616186112e+01
4.566712310749533543e+00
3.118526068450890065e+01
4.894818641078590105e+00
2.323616883558972646e+01
2.493916222593068355e+01
1.812609758309589836e+01
8.281924022992708245e+00
1.460885696660014155e+01
1.580095044529296722e+01
4.618016225332860714e+00
1.097590953861776910e+02
1.892319192682163731e+01
1.271510432679274949e+01
1.418747547829068978e+01
1.856958413080950221e+00
1.293108441419031074e+01
2.446776994829172125e+01
2.405051366734401697e+01
7.374133688669939346e+00
2.389033634573275222e+00
5.205765367180802405e-01
1.199812830952689779e+02
1.918275738699604815e+01
6.259836439341727177e-01
1.388726319492482020e+01
5.948733603189522157e-01
1.076623480923201148e+00
1.628166409622834720e+01
1.576469934680708285e+01
3.356040783087833290e+01
4.664494876944800694e+01
9.363366195992400831e-01
2.362265075186774155e+01
1.849161984764639044e+01
1.116268331584640450e+01
1.966319242868462602e+00
6.658807062005708133e+01
4.433584180402178276e+02
4.033860626870508668e+02
1.132844220547628566e+01
4.820091760880114293e+02
1.311118440616425573e+00
8.525160485518602727e+00
3.610830819190974950e+01
1.712143981166301216e+02
4.464388145976821987e-01
1.720603148050813047e+01
3.657531824510849106e+02
1.367484048486070858e+00
5.973085896400056072e+01
2.130683098341178638e+00
1.486068624876570539e+02
2.788955159508820714e+01
3.359620101913809886e+00
1.571337440837657695e+00
1.725986878406007179e+02
1.976428651186834884e+01
1.046551304909792748e+02
3.078715818111649938e+01
3.952076988052620976e+01
5.285410895519465413e+01
1.221260711848959062e+02
5.066131917400277729e+01
4.333408497150439587e+01
8.173752156301888894e-01
