7.530102539062500000e+02
4.393874853849411011e-02
4.463826771825551987e-03
3.360437694936990738e-03
1.896375906653702259e-03
5.357529735192656517e-04
2.400323748588562012e-03
3.789352485910058022e-04
5.121129797771573067e-04
1.318711088970303535e-03
1.267545623704791069e-03
1.067451667040586472e-03
6.142540369182825089e-04
1.264619873836636543e-03
7.861971389502286911e-04
9.057765710167586803e-04
1.734801335260272026e-03
1.499186037108302116e-03
7.268402259796857834e-04
7.597398944199085236e-04
3.429596254136413336e-04
1.672156853601336479e-03
1.517204334959387779e-03
1.669690827839076519e-03
6.714498624205589294e-03
9.305615723133087158e-02
2.086497657001018524e-02
2.175825089216232300e-02
1.925695873796939850e-02
8.752495632506906986e-04
7.062640786170959473e-02
4.745072685182094574e-03
4.652813542634248734e-03
9.975099237635731697e-04
2.392002195119857788e-02
5.203799344599246979e-03
2.040481660515069962e-03
3.422861173748970032e-02
1.342678628861904144e-02
9.007765911519527435e-04
7.701495778746902943e-04
1.005913363769650459e-03
1.358227338641881943e-03
5.191822419874370098e-04
7.084298995323479176e-04
2.699471951927989721e-04
5.947184399701654911e-04
5.731980782002210617e-03
5.090388655662536621e-01
1.182851344347000122e-01
1.900827512145042419e-03
3.470306051895022392e-03
3.926705569028854370e-03
9.184307418763637543e-05
3.373929357621818781e-04
1.335382927209138870e-03
9.926024358719587326e-04
6.081518367864191532e-04
5.561651778407394886e-04
7.372965919785201550e-04
2.703985385596752167e-02
2.052785009145736694e-01
2.199715077877044678e-01
1.753008924424648285e-02
1.643311232328414917e-02
7.491891086101531982e-02
6.892327219247817993e-02
2.224115841090679169e-02
1.693104510195553303e-03
3.479626961052417755e-03
6.568228006362915039e-01
6.129188113845884800e-04
7.111318409442901611e-03
1.721846498548984528e-02
3.450335352681577206e-04
8.496310329064726830e-05
1.137261558324098587e-02
2.254041319247335196e-04
1.499999052612110972e-04
4.683193983510136604e-04
8.538362453691661358e-05
3.520232567097991705e-04
5.073885040474124253e-05
8.635103004053235054e-04
2.345866814721375704e-04
4.277249798178672791e-03
2.682244812604039907e-04
9.114445128943771124e-05
2.768864578683860600e-05
2.272028177685569972e-05
8.973199874162673950e-05
4.804077616427093744e-05
3.942730472772382200e-05
7.415683739964151755e-06
6.508886144729331136e-06
7.066135822242358699e-06
1.052108927979134023e-05
2.638656224007718265e-05
2.053431126114446670e-05
1.283516576222609729e-05
1.302706514252349734e-04
5.182483164389850572e-06
6.538986053783446550e-05
9.498988220002502203e-06
2.493648789823055267e-04
2.636022145452443510e-05
1.813752896850928664e-05
1.005630838335491717e-04
1.453721633879467845e-04
1.956492087629158050e-05
1.076706175808794796e-04
2.873582889151293784e-05
5.374133615987375379e-05
2.497689565643668175e-04
1.129923839471302927e-05
1.372474525851430371e-05
2.694688009796664119e-05
1.376188127323985100e-03
4.764783079735934734e-05
5.420223260443890467e-06
3.263291318944538943e-06
9.616646275389939547e-05
8.505408768542110920e-04
3.372131322976201773e-05
2.542076799727510661e-05
1.546183557366020977e-05
1.437198079656809568e-04
6.612292054342105985e-05
5.544359737541526556e-05
1.804380372050218284e-05
1.076690969057381153e-04
1.386858639307320118e-05
5.196361598791554570e-05
7.609278327436186373e-06
5.748812327510677278e-06
8.863142284099012613e-06
3.416412801016122103e-05
6.488849066954571754e-06
3.892653330694884062e-05
7.990254744072444737e-06
2.985266064570168965e-06
4.871591499977512285e-06
1.728071083562099375e-06
1.274077931157080457e-06
1.208111598316463642e-06
1.099566091511405830e-07
3.305679854292975506e-07
1.570988615640089847e-06
1.616410031601844821e-06
7.112252546903619077e-07
6.519674116134410724e-07
6.378116950145340525e-07
4.742686542158480734e-06
1.947008058778010309e-06
2.751261490629985929e-06
2.436320073684328236e-06
1.908304511744063348e-06
1.049748152581742033e-05
2.657475124578922987e-05
2.673454901014338247e-06
5.073454190096526872e-07
3.649238124125986360e-06
2.158536290153278969e-06
4.018831532448530197e-06
7.821002441232849378e-07
2.352775709368870594e-06
6.699578952975571156e-04
1.058727502822875977e-05
3.280930968685424887e-06
1.731029260554350913e-05
2.670698904694290832e-06
9.244177476830373053e-07
1.652593141443503555e-06
5.826155984323122539e-07
4.228264174344076309e-07
9.891313084153807722e-07
1.183527842840703670e-06
3.298982846899889410e-07
1.017184899865242187e-06
4.103717969883291516e-07
2.535950443416368216e-06
5.884796792088309303e-06
4.225778127420198871e-07
1.463387434341711923e-05
1.348338264506310225e-05
3.907364771293941885e-06
4.925241228193044662e-07
2.139523758160066791e-06
3.071460810133430641e-07
2.543692119161278242e-07
1.785158565326128155e-05
1.503760671539566829e-07
3.973601678808336146e-07
7.382269728850587853e-08
2.066137767542386428e-06
2.555352978106384398e-07
5.554607582780590747e-07
1.769690101127707749e-07
1.797285221982747316e-06
1.034118895404390059e-06
2.182615332912973827e-07
4.912751592200947925e-06
6.517676069961453322e-07
3.017835012997238664e-07
1.020537467866233783e-07
4.057208570884540677e-06
3.875416041410062462e-07
1.626103426133340690e-06
3.895497400208114414e-07
2.213961209918124950e-07
2.300346977790468372e-06
2.088922883558552712e-07
2.504639269318431616e-07
9.764862625161185861e-06
6.482176559075014666e-06
8.036378744691319298e-07
1.305701744058751501e-06
3.845844730676617473e-06
2.155261881853220984e-06
4.283643590952124214e-07
9.161645380117988680e-07
1.782818685569509398e-06
8.453417308373900596e-07
1.024131847771059256e-06
4.400776276725082425e-07
1.089643149043695303e-07
1.942835581303370418e-07
5.011995085624221247e-08
4.309466135055117775e-07
1.030368679266757681e-07
1.267878104727060418e-07
1.332058019443138619e-07
1.176012034420637065e-07
6.244693651069610496e-08
8.276709451138231088e-08
3.125837011452858860e-08
1.979968374143936671e-06
2.632342557262745686e-07
3.349027508647850482e-07
2.972416552893264452e-07
1.025212100103090052e-06
