2.447854248046875000e+03
1.954090820312500000e+03
2.025100097656250000e+03
2.008514282226562500e+03
1.999668579101562500e+03
1.955489501953125000e+03
1.578288330078125000e+03
2.383299713134765625e+02
1.763948059082031250e+01
6.782312393188476562e+00
7.274123668670654297e+00
5.030856132507324219e+00
3.500599384307861328e+00
2.655074119567871094e+00
2.668335676193237305e+00
1.787903547286987305e+00
2.029483556747436523e+00
1.181478500366210938e+00
2.013019943237304688e+01
2.205113410949707031e+00
1.287469267845153809e+00
1.064661502838134766e+00
9.404636621475219727e-01
1.928969860076904297e+00
6.380121231079101562e+00
6.460207939147949219e+00
8.615586757659912109e-01
8.246682882308959961e-01
5.373921871185302734e+00
1.983050704002380371e+00
1.061890602111816406e+01
1.871440887451171875e+00
8.176237344741821289e-01
7.433415651321411133e-01
8.807095289230346680e-01
1.079149842262268066e+00
4.839165496826171875e+01
1.103821516036987305e+00
7.973705530166625977e-01
8.078032732009887695e-01
6.993211507797241211e-01
1.447250127792358398e+00
5.556596517562866211e-01
2.348762130737304688e+01
5.926076173782348633e-01
4.130418300628662109e+00
1.691261901855468750e+02
7.447543144226074219e-01
6.023931026458740234e+00
5.943474173545837402e-01
5.294313430786132812e-01
1.839412689208984375e+01
9.165767669677734375e+00
1.936848640441894531e+00
4.735390841960906982e-01
4.871719479560852051e-01
1.513762950897216797e+00
7.335860133171081543e-01
2.851680517196655273e+00
1.346017169952392578e+01
6.898063421249389648e-01
5.003894567489624023e-01
4.266141891479492188e+00
2.109503746032714844e+00
4.454694092273712158e-01
3.849093627929687500e+01
6.657664299011230469e+00
5.870575904846191406e-01
5.109341144561767578e-01
4.181295633316040039e-01
2.813606977462768555e+00
4.204485714435577393e-01
4.329555630683898926e-01
8.285361528396606445e-01
3.158209800720214844e+00
4.659079015254974365e-01
1.626042008399963379e+00
2.360839080810546875e+01
1.014139652252197266e+00
5.716105699539184570e-01
3.445327579975128174e-01
3.671921491622924805e-01
3.692863881587982178e-01
4.708185195922851562e+00
4.621164798736572266e-01
3.442016243934631348e-01
2.587533187866210938e+01
1.776710867881774902e+00
3.803882002830505371e-01
3.443433284759521484e+00
3.145767748355865479e-01
7.451991558074951172e+00
1.032729744911193848e+00
4.736641049385070801e-01
4.730612039566040039e-01
3.133348226547241211e-01
3.318601250648498535e-01
3.788132429122924805e+00
2.968537211418151855e-01
2.542403042316436768e-01
9.303265380859375000e+01
2.810028493404388428e-01
2.310605347156524658e-01
2.224061489105224609e-01
2.202238738536834717e-01
2.264404594898223877e-01
1.083480739593505859e+01
5.720149278640747070e-01
2.635439038276672363e-01
2.353424131870269775e-01
2.523321211338043213e-01
2.059068977832794189e-01
1.722228229045867920e-01
4.574153900146484375e+00
6.670913219451904297e+00
1.478828072547912598e+00
3.118383586406707764e-01
2.226755619049072266e-01
1.807670295238494873e-01
1.780831515789031982e-01
1.774244755506515503e-01
2.026049196720123291e-01
1.610918235778808594e+01
2.604863345623016357e-01
2.003409862518310547e-01
1.825819909572601318e-01
2.639095067977905273e+00
2.175277173519134521e-01
2.191148996353149414e-01
2.105332612991333008e-01
2.150172882080078125e+02
1.903741002082824707e+00
2.576383054256439209e-01
1.636559963226318359e-01
1.351729035377502441e-01
1.289069354534149170e-01
2.562634468078613281e+00
1.875305056571960449e+00
3.213750123977661133e-01
2.763234972953796387e-01
2.019307613372802734e-01
2.193909734487533569e-01
1.553581804037094116e-01
2.000086009502410889e-01
1.621546745300292969e-01
3.556374907493591309e-01
5.679495334625244141e-01
1.509578824043273926e-01
1.341809630393981934e-01
2.576551735401153564e-01
1.982841938734054565e-01
5.098318457603454590e-01
1.346856212615966797e+01
2.031958401203155518e-01
1.453532874584197998e-01
1.292629837989807129e-01
1.236440539360046387e-01
1.193682029843330383e-01
1.172158196568489075e-01
2.560968697071075439e-01
1.878958642482757568e-01
1.180374145507812500e+02
5.626996159553527832e-01
1.337321549654006958e-01
1.291593015193939209e-01
4.848233759403228760e-01
1.293524801731109619e-01
1.203158646821975708e-01
4.789874553680419922e-01
1.691193580627441406e-01
1.515004038810729980e-01
1.533370614051818848e-01
1.473659057617187500e+02
7.004214525222778320e-01
1.104655742645263672e+01
5.741249918937683105e-01
1.713210642337799072e-01
1.146576553583145142e-01
2.383758574724197388e-01
1.094366014003753662e-01
3.061579465866088867e-01
2.907417058944702148e+00
4.493719100952148438e+01
1.661991178989410400e-01
1.297148466110229492e-01
1.029184311628341675e-01
1.263642907142639160e-01
1.013072729110717773e-01
9.468510001897811890e-02
1.148058176040649414e-01
9.071735292673110962e-02
1.600383967161178589e-01
4.156579971313476562e+00
1.364657729864120483e-01
8.617322921752929688e+00
4.300245642662048340e-01
1.120784580707550049e-01
4.367979466915130615e-01
1.237355470657348633e-01
9.777570366859436035e-01
1.514639258384704590e-01
9.721777588129043579e-02
1.450972855091094971e-01
2.389375865459442139e-01
1.977244949340820312e+01
4.405966401100158691e-01
1.150996088981628418e-01
1.066150069236755371e-01
9.663413465023040771e-02
3.393649673461914062e+01
3.100523650646209717e-01
9.246987104415893555e-02
1.701996326446533203e-01
8.049503713846206665e-02
7.555191963911056519e-02
2.344294190406799316e-01
7.690674781799316406e+00
1.056412160396575928e-01
7.535143941640853882e-02
2.097032356262207031e+01
1.189242124557495117e+00
1.057101786136627197e-01
9.254609048366546631e-02
3.775704193115234375e+01
4.851632118225097656e+00
8.465633541345596313e-02
7.806771248579025269e-02
1.445239162445068359e+01
4.205093979835510254e-01
8.498923480510711670e-02
1.267917454242706299e-01
1.043450236320495605e-01
7.409669458866119385e-02
1.026921644806861877e-01
7.536847144365310669e-02
4.216833114624023438e-01
1.487845897674560547e+00
4.076234817504882812e+00
4.962247014045715332e-01
2.059418678283691406e+00
5.044079422950744629e-01
2.227761149406433105e-01
7.556711882352828979e-02
6.852228194475173950e-02
1.216572523117065430e-01
1.019806575775146484e+01
2.406295776367187500e+00
8.453552424907684326e-02
7.209634780883789062e-02
6.640301644802093506e-02
5.980474501848220825e-02
9.226965904235839844e-01
1.270914375782012939e-01
7.030177116394042969e+00
3.675782978534698486e-01
1.117489635944366455e-01
5.139168500900268555e-01
5.422038435935974121e-01
1.325586736202239990e-01
5.912205949425697327e-02
7.266548275947570801e-02
2.648329019546508789e+00
4.524535179138183594e+00
3.309306800365447998e-01
4.154821872711181641e+00
8.781252801418304443e-02
7.822639495134353638e-02
1.589014530181884766e-01
8.852221816778182983e-02
4.904529571533203125e+00
1.913409978151321411e-01
1.167763024568557739e-01
1.067727729678153992e-01
8.497286587953567505e-02
9.262783080339431763e-02
2.703117847442626953e+00
1.291773319244384766e-01
8.218590021133422852e-01
9.977014362812042236e-02
3.850423693656921387e-01
3.560612440109252930e+00
5.577223300933837891e-01
8.169215917587280273e-02
7.183594256639480591e-02
6.412068009376525879e-02
5.588595941662788391e-02
9.612782299518585205e-02
9.303520917892456055e-01
1.061621531844139099e-01
5.559091269969940186e-02
5.761802941560745239e-02
2.569194030761718750e+01
3.062667846679687500e-01
7.506554573774337769e-02
5.502529814839363098e-02
1.056914138793945312e+01
4.102869510650634766e+00
1.499926745891571045e-01
6.418527662754058838e-02
5.033455789089202881e-02
6.151483207941055298e-02
5.457346141338348389e-02
9.994142502546310425e-02
5.459762364625930786e-02
7.245491445064544678e-02
3.740985107421875000e+01
5.632770061492919922e-01
2.116737067699432373e-01
1.010817587375640869e-01
1.070149183273315430e+00
6.662774831056594849e-02
5.904015153646469116e-02
5.429802834987640381e-02
4.886436089873313904e-02
4.883051291108131409e-02
4.786907136440277100e-02
4.770132526755332947e-02
4.839315265417098999e-02
3.355885267257690430e+00
3.351956605911254883e-01
8.540345728397369385e-02
8.434898376464843750e+00
6.794872283935546875e-01
1.540099233388900757e-01
6.404660642147064209e-02
4.777313023805618286e-02
5.481070652604103088e-02
5.063416436314582825e-02
4.679144918918609619e-02
1.086191087961196899e-01
6.667490303516387939e-02
1.813447624444961548e-01
5.510694026947021484e+00
1.270134598016738892e-01
7.467764616012573242e-02
7.875470072031021118e-02
1.762713640928268433e-01
7.187453657388687134e-02
1.364269405603408813e-01
2.918794393539428711e+00
2.766442000865936279e-01
7.592435181140899658e-02
1.716613024473190308e-01
4.657201290130615234e+00
3.588497340679168701e-01
5.779337137937545776e-02
4.581426456570625305e-02
8.887955546379089355e-02
1.826371908187866211e+00
7.267519831657409668e-01
5.963250994682312012e-02
5.689357966184616089e-02
3.705715537071228027e-01
1.047593212127685547e+01
1.149045750498771667e-01
4.441009461879730225e-02
4.141500219702720642e-02
7.297392487525939941e-01
7.669056057929992676e-01
5.214630067348480225e-02
3.870349377393722534e-02
3.515340015292167664e-02
6.943722724914550781e+00
1.341666281223297119e-01
5.775610357522964478e-02
5.483195930719375610e-02
4.019059240818023682e-02
3.941071778535842896e-02
4.851204156875610352e-02
4.757829383015632629e-02
3.353353589773178101e-02
1.135216727852821350e-01
1.779502630233764648e-01
5.211489200592041016e-01
1.396778464317321777e+00
1.461337804794311523e-01
7.846505939960479736e-02
1.700611877441406250e+01
1.326819211244583130e-01
5.988282710313796997e-02
6.482791900634765625e-02
4.198148474097251892e-02
5.716394633054733276e-02
4.327113181352615356e-02
4.168508946895599365e-02
3.742523491382598877e-02
2.918524742126464844e+00
1.413461714982986450e-01
1.179892158508300781e+01
2.837328612804412842e-01
8.353876322507858276e-02
7.057622075080871582e-02
5.010107904672622681e-02
4.737475141882896423e-02
4.677739366888999939e-02
1.137650012969970703e-01
9.309528470039367676e-01
2.196193635463714600e-01
5.007076263427734375e-02
1.199926063418388367e-01
6.628735065460205078e-01
9.097573161125183105e-02
6.684300303459167480e-02
6.680287837982177734e+00
4.236344695091247559e-01
8.313822746276855469e-02
2.474022805690765381e-01
6.679632663726806641e-01
9.972044825553894043e-01
8.498259633779525757e-02
4.018388316035270691e-02
3.700374439358711243e-02
5.175343751907348633e-01
2.598490905761718750e+01
6.066667437553405762e-01
5.534021183848381042e-02
4.300219565629959106e-02
4.726817831397056580e-02
4.083962365984916687e-02
3.565531224012374878e-02
3.553584590554237366e-02
