3.759356960654258728e-02
9.785117208957672119e-02
4.538884013891220093e-02
4.256770387291908264e-02
3.961735218763351440e-02
6.076206639409065247e-02
5.214567780494689941e-01
7.367711514234542847e-02
2.073820829391479492e-01
6.178477406501770020e-01
6.579378992319107056e-02
7.605725526809692383e-02
1.152597665786743164e+00
4.673033207654953003e-02
7.792884111404418945e-02
3.526606559753417969e-01
1.160648703575134277e+00
1.574393653869628906e+01
1.749823093414306641e-01
5.402758717536926270e-02
4.586006700992584229e-02
4.123409092426300049e-02
3.506100922822952271e-02
3.881063312292098999e-02
3.177992254495620728e-02
3.306224197149276733e-02
3.819982334971427917e-02
7.056260854005813599e-02
8.779918402433395386e-02
1.614600569009780884e-01
6.302421569824218750e+00
1.175312697887420654e-01
4.636603966355323792e-02
3.893820941448211670e-02
3.899785503745079041e-02
3.217942640185356140e-02
2.887197136878967285e-01
3.362544625997543335e-02
5.495662242174148560e-02
6.889921426773071289e-02
3.697533160448074341e-02
1.032714843750000000e+01
8.067387342453002930e-02
4.299176856875419617e-02
3.843035921454429626e-02
3.925680369138717651e-02
3.254810720682144165e-02
3.472979366779327393e-02
4.216062426567077637e-01
2.048154920339584351e-01
3.073131665587425232e-02
5.261207580566406250e+00
1.079402267932891846e-01
3.773941099643707275e-02
4.099847376346588135e-02
1.437221616506576538e-01
4.537214636802673340e-01
3.681276559829711914e+00
1.294825077056884766e-01
1.029805469512939453e+01
3.092597723007202148e+00
1.028248965740203857e-01
7.066062092781066895e-02
1.462309265136718750e+01
1.254279315471649170e-01
4.987964779138565063e-02
3.055141493678092957e-02
1.631881713867187500e+01
7.444192171096801758e-01
2.113570421934127808e-01
3.582773208618164062e+00
3.317270278930664062e+00
1.204429417848587036e-01
3.372191637754440308e-02
3.409636765718460083e-02
2.294373139739036560e-02
2.535665966570377350e-02
5.905696749687194824e-01
1.431555271148681641e+00
2.843741774559020996e-01
2.891835942864418030e-02
2.486906573176383972e-02
3.178470954298973083e-02
2.073587179183959961e+00
2.212960243225097656e+00
1.862202137708663940e-01
3.273063898086547852e-02
2.724676206707954407e-02
2.200778961181640625e+01
2.363366782665252686e-01
3.544475510716438293e-02
3.898551315069198608e-02
3.005096875131130219e-02
3.411393240094184875e-02
2.471444383263587952e-02
3.038318455219268799e-02
5.093865990638732910e-01
3.752763867378234863e-01
1.269052624702453613e-01
1.808980405330657959e-01
5.971189960837364197e-02
2.900938689708709717e-01
6.132712364196777344e+00
1.971450090408325195e+00
5.863172933459281921e-02
5.762516975402832031e+00
1.321867823600769043e+00
1.197335124015808105e-01
8.253039419651031494e-02
2.853502519428730011e-02
2.466785535216331482e-02
2.350832335650920868e-02
2.745237946510314941e-01
1.402521610260009766e+00
2.479335963726043701e-01
4.838247969746589661e-02
3.618248552083969116e-02
3.475878760218620300e-02
3.212357312440872192e-02
2.424150705337524414e-02
2.688182517886161804e-02
7.236614823341369629e-02
3.933746367692947388e-02
6.669872999191284180e-02
4.264716506004333496e-01
5.378100275993347168e-01
1.098174095153808594e+00
1.935917735099792480e-01
1.160441190004348755e-01
2.407318204641342163e-01
1.977623224258422852e+00
2.364264279603958130e-01
4.181543737649917603e-02
2.769102714955806732e-02
2.962821722030639648e-02
4.619068279862403870e-02
2.307274937629699707e-01
8.333105593919754028e-02
1.459461152553558350e-01
1.901740431785583496e+00
3.003848075866699219e+00
1.315235346555709839e-01
3.141587972640991211e-02
5.763793736696243286e-02
1.618658304214477539e-01
1.648321151733398438e-01
3.144444704055786133e+00
1.352301388978958130e-01
4.594166576862335205e-02
6.816284358501434326e-02
5.015744268894195557e-02
7.573872804641723633e-01
6.415617465972900391e-02
4.691887646913528442e-02
4.802009582519531250e+00
2.342328429222106934e-01
6.478572636842727661e-02
3.499211743474006653e-02
1.343833953142166138e-01
1.729858964681625366e-01
2.909948825836181641e-01
1.707279801368713379e+00
7.246136665344238281e-02
3.720900416374206543e-02
2.405954003334045410e-01
1.451266556978225708e-01
6.951596587896347046e-02
1.240962594747543335e-01
5.027024745941162109e-01
6.943595886230468750e+00
1.492198109626770020e-01
3.431572020053863525e-02
2.487280592322349548e-02
3.595986962318420410e-02
2.677742205560207367e-02
2.918041497468948364e-02
8.629799634218215942e-02
5.015558749437332153e-02
3.555123805999755859e-01
1.017733955383300781e+01
1.726999640464782715e+00
7.088989019393920898e-02
5.554521083831787109e-02
4.188799113035202026e-02
3.538304939866065979e-02
3.116617724299430847e-02
8.169486373662948608e-02
2.552420496940612793e-01
4.387517869472503662e-01
5.164236545562744141e+00
9.133015573024749756e-02
3.245054185390472412e-02
2.529709041118621826e-02
2.425879798829555511e-02
2.304324880242347717e-02
4.792932420969009399e-02
3.980725631117820740e-02
4.639383852481842041e-01
2.681699514389038086e+00
1.908012628555297852e-01
4.946976155042648315e-02
3.562770783901214600e-02
3.172409161925315857e-02
3.715053945779800415e-02
6.906911730766296387e-01
3.106059432029724121e-01
1.695051789283752441e+00
1.610525250434875488e+00
8.387450873851776123e-02
4.378282278776168823e-02
2.403848059475421906e-02
2.265523970127105713e-01
4.165564849972724915e-02
8.650430440902709961e-01
4.365745067596435547e+00
1.689170449972152710e-01
5.176964402198791504e-02
3.850460052490234375e-02
2.547776885330677032e-02
2.343762665987014771e-02
2.407936193048954010e-02
2.191084250807762146e-02
2.024198323488235474e-02
2.098148874938488007e-02
3.343521803617477417e-02
1.089829578995704651e-01
1.072471812367439270e-01
1.018770337104797363e+00
7.708189487457275391e-01
2.123494863510131836e+00
5.530676245689392090e-02
2.675176039338111877e-02
3.111850097775459290e-02
3.644225001335144043e-02
1.001879572868347168e+00
1.393463313579559326e-01
3.018941357731819153e-02
3.435062617063522339e-02
1.492734551429748535e+00
1.903398036956787109e-01
6.704419106245040894e-02
6.348313391208648682e-02
5.480380356311798096e-02
2.661779709160327911e-02
7.277479022741317749e-02
4.443256855010986328e+00
1.207910180091857910e+00
5.466878414154052734e-02
2.157083153724670410e-02
3.291432559490203857e-02
8.215355873107910156e-02
3.250016450881958008e+00
3.238545656204223633e-01
1.091248989105224609e-01
2.441818267107009888e-02
3.368156850337982178e-01
5.590281963348388672e+00
6.238589286804199219e-01
1.620824038982391357e-01
2.490700408816337585e-02
1.954958960413932800e-02
1.640369743108749390e-02
6.821570545434951782e-02
7.710053920745849609e-01
3.622748702764511108e-02
4.150272905826568604e-02
6.988758087158203125e+00
4.159123301506042480e-01
5.743476003408432007e-02
2.349634468555450439e-02
2.302587404847145081e-02
2.194559946656227112e-02
2.217254601418972015e-02
2.127213627099990845e-01
8.084948539733886719e+00
1.053120732307434082e+00
7.595471292734146118e-02
2.402237802743911743e-02
1.645288057625293732e-02
1.663282886147499084e-02
1.350512541830539703e-02
1.630395092070102692e-02
4.120822548866271973e-01
7.849496006965637207e-01
2.906795218586921692e-02
2.067751437425613403e-01
1.102464199066162109e-01
7.286718487739562988e-02
1.798505067825317383e+00
1.567442715167999268e-01
8.468462526798248291e-02
5.887467041611671448e-02
2.219585037231445312e+01
2.095176875591278076e-01
6.551443785429000854e-02
4.014640301465988159e-02
6.945804506540298462e-02
3.049991466104984283e-02
2.918173745274543762e-02
5.254795402288436890e-02
8.936700224876403809e-01
6.506156325340270996e-01
4.033439606428146362e-02
1.985009200870990753e-02
2.300316095352172852e-02
1.998437382280826569e-02
1.871118694543838501e-02
2.116016671061515808e-02
4.096531569957733154e-01
5.323365688323974609e+00
9.555087685585021973e-01
6.740278750658035278e-02
8.059419691562652588e-02
2.826945483684539795e-01
3.095917962491512299e-02
3.770855665206909180e+00
5.051661133766174316e-01
8.873307704925537109e-02
3.664934262633323669e-02
2.438567578792572021e-02
2.332704886794090271e-02
2.124218642711639404e-01
5.162753462791442871e-01
5.894187837839126587e-02
1.328614473342895508e+00
4.189085960388183594e+00
2.189780622720718384e-01
2.421119995415210724e-02
1.517465617507696152e-02
4.223774746060371399e-02
7.971050739288330078e-01
2.013171768188476562e+01
5.504562854766845703e-01
4.496532678604125977e-02
2.416520006954669952e-02
2.007164992392063141e-02
1.715607568621635437e-02
1.642039418220520020e-02
1.631781831383705139e-02
1.595522835850715637e-02
1.482759509235620499e-02
7.308580726385116577e-02
1.335550785064697266e+00
1.190205365419387817e-01
4.941301420331001282e-02
2.737981453537940979e-02
2.532750368118286133e-02
1.851125247776508331e-02
3.924797102808952332e-02
1.733630336821079254e-02
2.252348884940147400e-02
1.595858335494995117e+00
1.581960022449493408e-01
3.356704235076904297e+00
1.996421813964843750e-01
3.364853560924530029e-02
1.385699212551116943e-01
2.104750871658325195e+00
2.155322730541229248e-01
3.296565636992454529e-02
5.335339158773422241e-02
6.179099082946777344e+00
4.545386791229248047e+00
5.728577971458435059e-01
3.663941845297813416e-02
1.614513806998729706e-02
1.462016534060239792e-02
2.295622229576110840e-02
1.589579693973064423e-02
1.211664173752069473e-02
1.513257343322038651e-02
1.318210177123546600e-02
3.337874889373779297e+00
1.746658325195312500e+00
5.669528618454933167e-02
2.878236025571823120e-02
4.596385359764099121e-02
3.459405526518821716e-02
2.265181764960289001e-02
2.964178472757339478e-02
1.959124393761157990e-02
4.523295211791992188e+01
9.071273803710937500e-01
4.286641627550125122e-02
2.749771438539028168e-02
2.209981717169284821e-02
1.996315829455852509e-02
1.904182694852352142e-02
1.451266650110483170e-02
1.630026474595069885e-02
1.753771118819713593e-02
1.999867796897888184e+00
8.813378214836120605e-02
5.733541771769523621e-02
2.847228199243545532e-02
1.696433499455451965e-02
3.998307511210441589e-02
8.285535871982574463e-02
5.700172781944274902e-01
7.463524937629699707e-01
1.629603952169418335e-01
2.829778790473937988e-01
3.160311281681060791e-01
2.000379800796508789e+00
1.687925457954406738e-01
2.473649010062217712e-02
1.662698030471801758e+00
1.168339326977729797e-01
1.784840412437915802e-02
1.602249220013618469e-02
1.387908030301332474e-02
1.450968906283378601e-02
1.621924526989459991e-02
2.274396270513534546e-02
2.422447353601455688e-01
8.075959086418151855e-01
2.575676679611206055e+00
1.979542851448059082e+00
9.196323156356811523e-02
2.575063332915306091e-02
1.424991618841886520e-02
