2.128138780593872070e+00
4.497085809707641602e-01
2.909651994705200195e-01
2.951667010784149170e-01
1.073048830032348633e+00
3.019942939281463623e-01
4.784909486770629883e-01
3.051043152809143066e-01
3.017108917236328125e+00
1.173686981201171875e+00
3.348129689693450928e-01
2.435830980539321899e-01
2.518499791622161865e-01
2.467123031616210938e+00
1.297007846832275391e+01
1.185452222824096680e+00
2.339355647563934326e-01
2.407998144626617432e-01
2.658984661102294922e-01
4.265885949134826660e-01
1.587034225463867188e+00
2.820862233638763428e-01
2.312888801097869873e-01
1.103253960609436035e+00
5.009641170501708984e+00
5.053174018859863281e+00
1.546032667160034180e+00
5.520914554595947266e+00
3.048142194747924805e-01
2.465486228466033936e-01
2.301334738731384277e-01
2.328903526067733765e-01
2.590297460556030273e-01
3.082943856716156006e-01
2.564210176467895508e+00
3.225302100181579590e-01
2.515876889228820801e-01
2.444354444742202759e-01
2.231217473745346069e-01
3.667336404323577881e-01
8.674760818481445312e+00
3.390493094921112061e-01
2.387955039739608765e-01
2.371212542057037354e-01
2.582111954689025879e-01
3.023295402526855469e-01
5.262587666511535645e-01
6.719596385955810547e-01
1.225390672683715820e+00
4.772773683071136475e-01
2.434561699628829956e-01
8.859694480895996094e+00
9.330058693885803223e-01
2.479375451803207397e-01
3.106028437614440918e-01
2.823528051376342773e-01
2.658237814903259277e-01
2.805692553520202637e-01
5.252375125885009766e+00
3.573817908763885498e-01
2.656615376472473145e-01
2.538788020610809326e-01
2.407133877277374268e-01
2.737795114517211914e-01
2.301481515169143677e-01
3.681216239929199219e-01
2.581379115581512451e-01
2.592331171035766602e-01
1.249790668487548828e+01
3.821628689765930176e-01
2.441356629133224487e-01
2.371267974376678467e-01
2.376802265644073486e-01
2.296684235334396362e-01
2.434236407279968262e-01
3.493314683437347412e-01
2.602010965347290039e-01
9.946027994155883789e-01
4.848404526710510254e-01
2.591822743415832520e-01
2.321479320526123047e-01
2.764172255992889404e-01
2.096327781677246094e+00
3.386132121086120605e-01
1.686997056007385254e+00
3.489110469818115234e-01
2.392255812883377075e-01
2.455499321222305298e-01
2.247298806905746460e-01
4.176460802555084229e-01
4.999446570873260498e-01
7.852275848388671875e+00
4.421017467975616455e-01
2.543677389621734619e-01
2.369571477174758911e-01
2.415497303009033203e-01
2.323798239231109619e-01
2.321965843439102173e-01
2.153508067131042480e-01
2.388475090265274048e-01
2.422687709331512451e-01
6.669077873229980469e-01
6.923929452896118164e-01
8.217262029647827148e-01
4.569769501686096191e-01
3.291195631027221680e-01
3.124603033065795898e+00
1.807342171669006348e+00
5.008027553558349609e-01
5.551787614822387695e-01
7.435655593872070312e-01
2.951008558273315430e+00
3.454283475875854492e-01
2.780792713165283203e-01
3.521493673324584961e-01
6.526916027069091797e-01
5.025088191032409668e-01
3.155787587165832520e-01
1.492125988006591797e+00
1.857777476310729980e+00
2.633394002914428711e-01
2.229087352752685547e-01
2.219509482383728027e-01
2.430341392755508423e-01
2.320112287998199463e-01
4.635035514831542969e+00
2.905400991439819336e-01
2.412818521261215210e-01
2.282912880182266235e-01
9.700910449028015137e-01
5.385988950729370117e-01
1.760959386825561523e+00
3.784377574920654297e-01
3.639304161071777344e+00
7.491127252578735352e-01
2.440055012702941895e-01
2.390847653150558472e-01
2.267540246248245239e-01
2.361535876989364624e-01
1.174927473068237305e+00
6.902239799499511719e+00
1.645947456359863281e+00
5.735884308815002441e-01
2.437596172094345093e-01
2.470343708992004395e-01
1.189738392829895020e+00
2.797074317932128906e-01
2.318415641784667969e-01
2.424762398004531860e-01
2.281606197357177734e-01
2.188189476728439331e-01
2.217529267072677612e-01
2.206142544746398926e-01
2.639968693256378174e-01
2.056292295455932617e+00
6.047472953796386719e+00
3.174194991588592529e-01
2.623278796672821045e-01
2.352811992168426514e-01
2.147462964057922363e-01
2.445410788059234619e-01
2.261635214090347290e-01
2.221137583255767822e-01
3.110643625259399414e-01
3.059666156768798828e-01
2.341985851526260376e-01
8.095527887344360352e-01
1.492750406265258789e+00
6.923636198043823242e-01
4.686510086059570312e+01
3.380884230136871338e-01
2.366765886545181274e-01
2.224265336990356445e-01
2.313582897186279297e-01
2.179027050733566284e-01
2.141876369714736938e-01
2.459100335836410522e-01
2.192767262458801270e-01
2.432050704956054688e-01
2.485915720462799072e-01
2.189856618642807007e-01
1.678108215332031250e+00
1.819469928741455078e+00
7.415387034416198730e-01
2.410510182380676270e-01
2.339771687984466553e-01
2.140663415193557739e-01
2.401899993419647217e-01
1.769860386848449707e+00
2.874083817005157471e-01
2.365573793649673462e-01
2.216481715440750122e-01
6.089198589324951172e-01
2.688395380973815918e-01
2.462472915649414062e-01
2.924131453037261963e-01
4.483835101127624512e-01
8.053268194198608398e-01
7.733432054519653320e-01
2.378314733505249023e-01
4.438039302825927734e+00
6.634996533393859863e-01
2.404590845108032227e-01
2.329224944114685059e-01
2.276461422443389893e-01
2.221588790416717529e-01
2.401816993951797485e-01
2.319319993257522583e-01
2.836739718914031982e-01
1.767594337463378906e+00
5.742919445037841797e+00
3.067007660865783691e-01
2.287333607673645020e-01
2.313377112150192261e-01
2.328883558511734009e-01
2.440794110298156738e-01
6.263145208358764648e-01
3.112771034240722656e+00
3.168034851551055908e-01
2.758890092372894287e-01
3.398873209953308105e-01
4.742887616157531738e-01
1.632705211639404297e+00
6.185454368591308594e+00
1.462008476257324219e+00
4.831506013870239258e-01
2.474445551633834839e-01
2.575745284557342529e-01
1.340472459793090820e+00
4.273467063903808594e-01
2.617070376873016357e-01
3.546516895294189453e-01
5.514286041259765625e+00
2.708155393600463867e+00
2.336619049310684204e-01
2.247270196676254272e-01
2.285300791263580322e-01
2.444653660058975220e-01
2.086505442857742310e-01
6.508812427520751953e+00
4.792555332183837891e+00
9.287357330322265625e-01
3.205311000347137451e-01
3.874987065792083740e-01
2.746890485286712646e-01
2.141269594430923462e-01
2.683189809322357178e-01
2.005057096481323242e+00
5.917866230010986328e-01
4.030963420867919922e+00
4.754030406475067139e-01
2.403791397809982300e-01
2.186598777770996094e-01
2.184212356805801392e-01
2.349766343832015991e-01
2.524589300155639648e-01
6.322671890258789062e+00
6.637803912162780762e-01
4.012613296508789062e+00
5.557922124862670898e-01
7.077329158782958984e+00
4.586256444454193115e-01
2.612432539463043213e-01
2.093751281499862671e-01
2.248232066631317139e-01
2.265903204679489136e-01
2.408745050430297852e+00
5.532853603363037109e-01
3.052349388599395752e-01
7.335795164108276367e-01
5.226876735687255859e-01
4.297524690628051758e-01
4.132146835327148438e+00
4.805139541625976562e+00
5.588214993476867676e-01
2.397788166999816895e-01
2.084773629903793335e-01
2.249570339918136597e-01
2.111265808343887329e-01
2.138922959566116333e-01
2.411330491304397583e-01
2.216319292783737183e-01
4.432700872421264648e-01
1.050497770309448242e+00
2.709699273109436035e-01
8.327858448028564453e-01
4.351971149444580078e-01
2.535920143127441406e-01
2.652893543243408203e+00
3.177352714538574219e+01
1.467419862747192383e+00
2.359720170497894287e-01
2.364604771137237549e-01
2.252023369073867798e-01
2.319869548082351685e-01
2.207700461149215698e-01
2.267173826694488525e-01
2.179576754570007324e-01
3.668949604034423828e-01
1.367020010948181152e+00
5.249648094177246094e+00
4.428777694702148438e-01
2.360995262861251831e-01
8.250772953033447266e-01
2.725925147533416748e-01
2.439776360988616943e-01
2.258140593767166138e-01
2.527500987052917480e-01
2.745585441589355469e-01
2.304615080356597900e-01
4.220159530639648438e+01
3.978923797607421875e+00
9.228944778442382812e-01
4.413264393806457520e-01
3.516398370265960693e-01
3.153159320354461670e-01
2.972740232944488525e-01
2.790066003799438477e-01
3.307552933692932129e-01
2.530569732189178467e-01
2.798697948455810547e-01
1.343222618103027344e+00
5.306804180145263672e-01
3.677635490894317627e-01
6.768286228179931641e-01
3.490897417068481445e-01
9.142497777938842773e-01
1.214201331138610840e+00
2.980791330337524414e-01
2.514203488826751709e-01
5.776800155639648438e+00
1.539425849914550781e+00
4.359017014503479004e-01
3.464233279228210449e-01
4.130363464355468750e-01
5.015089511871337891e-01
9.651407599449157715e-01
1.487479567527770996e+00
4.847654104232788086e-01
1.368253946304321289e+00
7.288138270378112793e-01
2.445868551731109619e-01
2.930792272090911865e-01
2.611680924892425537e-01
3.652081489562988281e-01
8.702487945556640625e-01
3.732317686080932617e-01
1.280950307846069336e+00
4.302004814147949219e+00
1.103803277015686035e+00
2.559812664985656738e-01
2.541573643684387207e-01
2.331344336271286011e-01
2.429561316967010498e-01
2.536930143833160400e-01
3.275716900825500488e-01
7.951585054397583008e-01
4.275504350662231445e-01
3.679421544075012207e-01
5.012197494506835938e+00
1.622597336769104004e+00
6.668875813484191895e-01
4.584582746028900146e-01
1.748170661926269531e+01
3.741869330406188965e-01
6.198480129241943359e-01
9.492763876914978027e-01
2.365549802780151367e-01
2.145501375198364258e-01
2.225233614444732666e-01
2.372425347566604614e-01
1.538823127746582031e+00
3.512288331985473633e+00
3.250133097171783447e-01
2.218943834304809570e-01
2.874538898468017578e-01
2.338884472846984863e-01
3.250374794006347656e+00
9.558961987495422363e-01
1.209398508071899414e+00
1.666896462440490723e+00
3.120316863059997559e-01
2.489243894815444946e-01
2.258997708559036255e-01
2.229765802621841431e-01
2.225818485021591187e-01
2.126368731260299683e-01
2.247991263866424561e-01
1.853377699851989746e+00
1.301448345184326172e+00
4.095284044742584229e-01
2.545526027679443359e-01
2.881154119968414307e-01
7.706791162490844727e-01
1.535521745681762695e+00
5.306500196456909180e-01
2.402498573064804077e-01
2.136594802141189575e-01
3.282917439937591553e-01
3.038051724433898926e-01
3.095966577529907227e+00
4.838698506355285645e-01
2.621045112609863281e-01
2.411535531282424927e-01
3.221334218978881836e-01
3.530369400978088379e-01
1.421357870101928711e+00
4.404344856739044189e-01
2.690765857696533203e-01
3.470482230186462402e-01
5.047951936721801758e-01
3.724549412727355957e-01
1.602375221252441406e+01
7.818166017532348633e-01
2.535973191261291504e-01
2.337106168270111084e-01
2.291142791509628296e-01
2.124262452125549316e-01
2.263276875019073486e-01
2.271975576877593994e-01
3.062199950218200684e-01
2.526668012142181396e-01
4.723546504974365234e-01
3.550554513931274414e-01
9.510111808776855469e-01
2.316323965787887573e-01
2.314711958169937134e-01
2.278653681278228760e-01
5.565248727798461914e-01
2.679074406623840332e-01
2.821293473243713379e-01
1.805003166198730469e+00
7.995902299880981445e-01
3.642234802246093750e-01
2.244913876056671143e-01
2.286983728408813477e-01
2.384297400712966919e-01
7.402055263519287109e+00
1.691695809364318848e+00
2.544893324375152588e-01
2.202457934617996216e-01
2.179001867771148682e-01
2.125065177679061890e-01
2.185413241386413574e-01
2.162304073572158813e-01
4.813166856765747070e-01
4.549283504486083984e+00
3.582956790924072266e-01
5.997312664985656738e-01
5.240762233734130859e-01
1.153009772300720215e+00
6.205888986587524414e-01
4.011214971542358398e-01
2.709607601165771484e+00
1.233997225761413574e+00
4.401674866676330566e-01
2.276665925979614258e+00
3.210192024707794189e-01
6.409440636634826660e-01
9.113968610763549805e-01
6.121699810028076172e-01
2.476000487804412842e-01
2.377988696098327637e-01
6.476451158523559570e-01
4.836335182189941406e-01
1.279405117034912109e+00
4.537011384963989258e-01
2.259808629751205444e-01
2.355124205350875854e-01
2.196609675884246826e-01
2.133513242006301880e-01
2.534449398517608643e-01
2.365225255489349365e-01
1.151079773902893066e+00
4.454990625381469727e-01
3.988806903362274170e-01
1.028208351135253906e+01
7.289291620254516602e-01
2.607056796550750732e-01
2.250789552927017212e-01
2.793358862400054932e-01
