1.009673042898600386e+02
1.000462305632686455e+00
1.000731712378982508e+00
1.000595581494567732e+00
1.001588074320821864e+00
1.001219504091278134e+00
1.003472175940260502e+00
1.253439543327808714e+00
1.002356605856634886e+00
1.001606572605105772e+00
1.001998166779143773e+00
1.000451006776710505e+00
1.000573109760795054e+00
1.000408007842905622e+00
1.000354300786214123e+00
1.001069560755771581e+00
1.002027117641612453e+00
1.025015989465777766e+00
1.010053322466085257e+00
1.000247705451101865e+00
1.000083256097596962e+00
1.000688554617199966e+00
1.000164787297432856e+00
1.000414984686469166e+00
1.000371644978332419e+00
1.000209011685225358e+00
1.000123174650308755e+00
1.000695418249913038e+00
1.000094136431181280e+00
1.000708891182509275e+00
1.000449165215569813e+00
1.000176762790719875e+00
1.000716128544133943e+00
1.000416234279167149e+00
1.000523042731338519e+00
1.001374114630186440e+00
1.000298516742019528e+00
1.000250307839616992e+00
1.000710342176008627e+00
1.000821957449808064e+00
1.000095183680128397e+00
1.000255303264774964e+00
1.000215647843516020e+00
1.000173214325851045e+00
1.000184035644382075e+00
1.000165114777442854e+00
1.000225845915548417e+00
1.002720299783816715e+00
1.000309954304152482e+00
1.000390693366109085e+00
1.000071576573064558e+00
1.000173846188584958e+00
1.000376209862066545e+00
1.000413038758208639e+00
1.001785688151424214e+00
1.000120886568358847e+00
1.000203767549705081e+00
1.000218649111774827e+00
1.004164734473043996e+00
1.000482426763743771e+00
1.000071804173391810e+00
1.000231793990809193e+00
1.000124287679385215e+00
1.001871705189991246e+00
1.001909340751855337e+00
1.000315525105791803e+00
1.000168859988947556e+00
1.000162669108394464e+00
1.000465279755877956e+00
1.000331492975652603e+00
1.000524190357451326e+00
1.000582463015213364e+00
1.000471553328975638e+00
1.000156906854748895e+00
1.000125207505346170e+00
1.000149500146561676e+00
1.000221473189359944e+00
1.000560914950052060e+00
1.000077730483781568e+00
1.000070433180491491e+00
1.000061987856399215e+00
1.001150508584443655e+00
1.000029933717700992e+00
1.000039381849404663e+00
1.000010470276718744e+00
1.000031471866095645e+00
1.000018109423030710e+00
1.000024204309015285e+00
1.000015393023065524e+00
1.000016733020622883e+00
1.000030715311668761e+00
1.000047941272422136e+00
1.000029277758307522e+00
1.000005251211457225e+00
1.000010477200207859e+00
1.000014576732440430e+00
1.000016405463825420e+00
1.000013834089794829e+00
1.000009517224431432e+00
1.000041628758856493e+00
1.000012398374418243e+00
1.000019193501106907e+00
1.000018060135664744e+00
1.000015734701722447e+00
1.000119934348493000e+00
1.000008100737078243e+00
1.000061782230130758e+00
1.000080756494689194e+00
1.000293041972369901e+00
1.000012648302930796e+00
1.000019125298129197e+00
1.000185385258591797e+00
1.000781006900272718e+00
1.000069983682779329e+00
1.000017906702206139e+00
1.000013348137599012e+00
1.000025863585700447e+00
1.000033057183344454e+00
1.000406353828962036e+00
1.000210726521810090e+00
1.000145075585997745e+00
