3.141665628946065567e+02
3.512369536907930069e+03
3.053316546288889413e+02
3.597470984896346636e+03
5.922547366524567991e+01
1.936592848783550153e+03
5.635806121888678035e+02
1.567568245385130695e+03
4.086602578836570501e+03
4.681535706371704691e+03
1.162821453772393397e+03
2.915501178247996904e+03
1.181897454120039356e+03
2.572464323723602320e+03
4.739973191499780114e+03
1.991141809417886634e+03
2.635295944213728035e+03
1.735643572593809267e+03
1.188681798077952635e+03
3.434652508253313499e+03
3.591711363534476277e+03
7.561105468416319582e+02
9.980716361903307643e+01
3.935716490328568398e+03
1.249274959470077192e+03
1.594305262159299446e+03
3.518329212015974917e+03
1.342093569302715196e+03
5.884606505238049294e+02
1.229691741401091122e+03
1.126212585656467581e+03
4.637766889446824621e+02
1.456906103854493949e+03
2.684353656412215059e+03
1.649886986042262834e+03
4.564710877183495541e+03
1.782032713291642722e+03
3.215748697660384551e+03
6.954187682572496669e+02
1.458523032237947973e+03
3.524042799902848856e+03
6.002230750013089846e+02
2.980777785042477717e+03
8.253351982674589635e+02
4.227853595193336332e+03
3.600172978623536437e+03
3.049535771108572590e+03
8.541540966864482698e+02
3.789212880566104104e+03
1.086902765319736091e+03
1.401378528956220180e+03
3.315933366240023133e+03
9.124810358160815440e+02
2.340018141795290830e+03
1.561762045541882571e+03
8.135109609877389403e+02
4.868438997166858258e+02
2.073399690737983576e+02
1.575238046088959436e+03
7.065854027180964749e+02
3.689423134077589452e+02
