1.010091702784662289e+02
1.002007313576673164e+00
1.299900795564453704e+00
1.002016620791027934e+00
1.146438532770185370e+00
1.005503962289318043e+00
1.000322325941696455e+00
1.001054898456354092e+00
1.000568092857053282e+00
1.000159654205853954e+00
1.000470493117151749e+00
1.000600285386679111e+00
1.002762032836993056e+00
1.000474303015144173e+00
1.000282611395797661e+00
1.000605393656516684e+00
1.001255255690143953e+00
1.000359602702144857e+00
1.001862041325566999e+00
1.001082120442100543e+00
1.001465090849164685e+00
1.003030020128400146e+00
1.021337852180054018e+00
1.000954612905675667e+00
1.000976240203895085e+00
1.000295767743804465e+00
1.000122625523435005e+00
1.000349883060581924e+00
1.003939520075397773e+00
1.004390363922694540e+00
1.000239802014979418e+00
1.106673087446615744e+00
1.001205079762053529e+00
1.000497465954077736e+00
1.003544487212517877e+00
1.000128594451526576e+00
1.000801709779977955e+00
1.000926818550996078e+00
1.000653421155967671e+00
1.001877650507070117e+00
1.000251017543279497e+00
1.000988224396527349e+00
1.000724049350886435e+00
1.000761435167649038e+00
1.000289468448859465e+00
1.000204916392657184e+00
1.000716042529045113e+00
1.003203966645994871e+00
1.000661550466661831e+00
1.001059375070928681e+00
1.002664661535524804e+00
1.000343909464906922e+00
1.005402446660075055e+00
1.000876920184264440e+00
1.000856711723449699e+00
1.004244991560798272e+00
1.007212089793837029e+00
1.009468983842735312e+00
1.001282120060055458e+00
1.011174717336309037e+00
1.018628804834869950e+00
